5.134795308113098145e-01,1.181002197265625000e+02,5.501750707626342773e-01
4.712424278259277344e-01,2.092277984619140625e+02,9.072918891906738281e-01
5.166143774986267090e-01,2.077281341552734375e+02,8.119051456451416016e-01
6.809484958648681641e-02,1.640497894287109375e+02,8.171173334121704102e-01
2.744632363319396973e-01,1.479354400634765625e+02,7.786678075790405273e-01
9.804852008819580078e-01,7.705519866943359375e+01,8.245377540588378906e-01
4.700264930725097656e-01,1.955035858154296875e+02,8.596368432044982910e-01
4.179978072643280029e-01,1.175055847167968750e+02,5.183151960372924805e-01
4.308525323867797852e-01,6.759445190429687500e+01,8.841538429260253906e-01
6.785303950309753418e-01,1.077511978149414062e+02,7.004516124725341797e-01
9.149896502494812012e-01,2.146672210693359375e+02,6.296860575675964355e-01
4.720156192779541016e-01,1.835745849609375000e+02,9.089440703392028809e-01
3.240394592285156250e-01,2.227509460449218750e+02,5.762281417846679688e-01
1.776797175407409668e-01,2.084217834472656250e+02,5.068965554237365723e-01
1.369337737560272217e-01,1.772077636718750000e+02,6.955499649047851562e-01
2.858240008354187012e-01,1.228142623901367188e+02,8.284997344017028809e-01
2.482814490795135498e-01,1.798302459716796875e+02,7.642574310302734375e-01
8.017222285270690918e-01,1.949922027587890625e+02,7.650907039642333984e-01
6.226649880409240723e-02,8.716522979736328125e+01,6.731752157211303711e-01
4.014572501182556152e-02,2.860413169860839844e+01,8.733937740325927734e-01
4.346325695514678955e-01,8.188520812988281250e+01,5.277358293533325195e-01
6.708151102066040039e-01,3.478697586059570312e+01,6.399756669998168945e-01
2.322368919849395752e-01,1.829721069335937500e+02,8.775265812873840332e-01
1.016844511032104492e-01,2.411054382324218750e+02,5.078393220901489258e-01
4.642089307308197021e-01,2.046170654296875000e+02,8.050135374069213867e-01
8.365136384963989258e-01,1.723229217529296875e+02,9.366397261619567871e-01
2.062326669692993164e-01,1.046420135498046875e+02,7.834266424179077148e-01
5.168298482894897461e-01,9.962903594970703125e+01,6.985483169555664062e-01
5.779999494552612305e-01,6.696025085449218750e+01,9.779787659645080566e-01
6.528785228729248047e-01,1.365057678222656250e+02,9.152704477310180664e-01
3.326334953308105469e-01,1.288728027343750000e+02,6.612136363983154297e-01
9.218017458915710449e-01,1.277005004882812500e+02,5.222884416580200195e-01
4.545976221561431885e-01,1.530721130371093750e+02,8.282824754714965820e-01
1.938617527484893799e-01,2.009520416259765625e+02,7.391675710678100586e-01
8.011211156845092773e-01,1.114865341186523438e+02,7.375694513320922852e-01
4.679846167564392090e-01,2.079225463867187500e+02,6.848154664039611816e-01
6.325018405914306641e-02,2.604748153686523438e+01,6.867052912712097168e-01
8.571858406066894531e-01,1.174069747924804688e+02,6.346810460090637207e-01
1.406895220279693604e-01,1.677291107177734375e+02,5.942540168762207031e-01
2.625102996826171875e-01,6.713431549072265625e+01,7.121940851211547852e-01
9.001625776290893555e-01,2.004794921875000000e+02,9.628936648368835449e-01
1.479890048503875732e-01,1.288558044433593750e+02,9.169461727142333984e-01
6.331570148468017578e-01,7.186784362792968750e+01,8.958288431167602539e-01
4.915562272071838379e-01,1.670822296142578125e+02,6.967645287513732910e-01
8.300130367279052734e-01,2.023001708984375000e+02,8.482571840286254883e-01
8.113338947296142578e-01,1.900289306640625000e+02,6.578730344772338867e-01
4.039173424243927002e-01,1.082244567871093750e+02,9.878978729248046875e-01
9.363438487052917480e-01,1.244347610473632812e+02,9.242081046104431152e-01
1.021433711051940918e+00,3.616651535034179688e+01,6.700131893157958984e-01
2.003018856048583984e-01,8.668724060058593750e+01,8.511329293251037598e-01
1.214216053485870361e-01,7.351379394531250000e+01,8.805802464485168457e-01
5.592436194419860840e-01,9.196240997314453125e+01,5.206126570701599121e-01
9.836077690124511719e-01,1.135843505859375000e+02,9.203687906265258789e-01
7.772307395935058594e-01,1.576847839355468750e+02,9.431276917457580566e-01
8.927540183067321777e-01,1.324527587890625000e+02,8.883919715881347656e-01
1.742856204509735107e-01,1.746751708984375000e+02,9.160851240158081055e-01
2.916990518569946289e-01,1.589334411621093750e+02,9.316694736480712891e-01
7.692091464996337891e-01,4.562900924682617188e+01,8.864921927452087402e-01
6.648067831993103027e-01,2.151331481933593750e+02,5.503324866294860840e-01
4.716725945472717285e-01,6.543445587158203125e+01,6.204949021339416504e-01
1.778316199779510498e-01,9.230528259277343750e+01,6.006776094436645508e-01
4.426902234554290771e-01,7.050897216796875000e+01,7.086626291275024414e-01
8.545457720756530762e-01,1.817617034912109375e+02,9.752984046936035156e-01
7.484636902809143066e-01,1.899728698730468750e+02,8.543989062309265137e-01
7.560744881629943848e-01,3.961252593994140625e+01,6.919816136360168457e-01
2.110013067722320557e-01,2.291827545166015625e+02,6.911136507987976074e-01
3.199751675128936768e-01,1.983319091796875000e+02,9.347342252731323242e-01
8.083071708679199219e-01,2.031286468505859375e+02,8.974435925483703613e-01
4.562329351902008057e-01,1.979764556884765625e+02,8.471611142158508301e-01
2.214739620685577393e-01,2.017907562255859375e+02,7.886832952499389648e-01
2.843366861343383789e-01,9.932469940185546875e+01,5.673492550849914551e-01
5.030356645584106445e-01,1.823801574707031250e+02,5.736578702926635742e-01
1.467972993850708008e-02,1.117233276367187500e+02,9.383959770202636719e-01
5.056796073913574219e-01,3.933925247192382812e+01,7.026731967926025391e-01
8.829078674316406250e-01,1.354268798828125000e+02,9.111912250518798828e-01
5.696044564247131348e-01,7.270635986328125000e+01,5.495528578758239746e-01
5.463134050369262695e-01,1.754166412353515625e+02,6.719565987586975098e-01
8.817284107208251953e-01,1.965595855712890625e+02,8.568934202194213867e-01
7.726832628250122070e-01,2.264857635498046875e+02,7.925755977630615234e-01
4.906946122646331787e-01,5.603359603881835938e+01,6.092519760131835938e-01
9.891954660415649414e-01,1.309105987548828125e+02,6.675587892532348633e-01
6.459611654281616211e-01,1.253622207641601562e+02,5.643916726112365723e-01
7.557931542396545410e-01,1.054786987304687500e+02,6.135711669921875000e-01
5.123882889747619629e-01,8.551443481445312500e+01,9.360663890838623047e-01
3.066782057285308838e-01,6.400138092041015625e+01,9.338533878326416016e-01
7.240606546401977539e-01,1.231274795532226562e+02,7.297246456146240234e-01
3.289043903350830078e-02,3.733338546752929688e+01,6.432712674140930176e-01
2.342846095561981201e-01,1.158381423950195312e+02,6.580917835235595703e-01
4.205504655838012695e-01,3.230810928344726562e+01,5.734331607818603516e-01
6.658097505569458008e-01,1.795048828125000000e+02,8.750842809677124023e-01
1.951137185096740723e-02,1.624515228271484375e+02,6.080037355422973633e-01
4.932612776756286621e-01,7.339778137207031250e+01,5.544951558113098145e-01
4.866788089275360107e-01,2.152550354003906250e+02,7.001200914382934570e-01
3.188582360744476318e-01,1.454083251953125000e+02,5.731077194213867188e-01
7.883306741714477539e-01,4.204922485351562500e+01,5.871812105178833008e-01
8.248176574707031250e-01,1.980471954345703125e+02,8.226079940795898438e-01
3.279631137847900391e-01,1.406971282958984375e+02,5.680564641952514648e-01
2.243575751781463623e-01,9.406131744384765625e+01,8.438659906387329102e-01
4.164271056652069092e-01,1.116983566284179688e+02,6.236305236816406250e-01
3.066562414169311523e-01,1.498800811767578125e+02,8.937174081802368164e-01
-4.156339168548584158e-03,3.166889190673828125e+01,8.002462983131408691e-01
1.273694634437561035e-02,1.430108795166015625e+02,5.325428843498229980e-01
-8.804440498352051649e-04,1.417040710449218750e+02,6.859850883483886719e-01
5.929921865463256836e-01,1.727826995849609375e+02,9.473187327384948730e-01
4.955464601516723633e-02,1.829776458740234375e+02,6.941338777542114258e-01
8.239969015121459961e-01,1.642389984130859375e+02,6.253204345703125000e-01
3.216542601585388184e-01,1.809430847167968750e+02,6.368738412857055664e-01
5.266668200492858887e-01,1.438413543701171875e+02,9.701974987983703613e-01
5.106800198554992676e-01,1.682499237060546875e+02,6.889661550521850586e-01
8.748263716697692871e-01,1.182341003417968750e+02,8.169866800308227539e-01
7.652983665466308594e-01,1.162634277343750000e+02,5.891787409782409668e-01
6.860564351081848145e-01,6.234338760375976562e+01,7.889504432678222656e-01
6.132001876831054688e-01,3.683499908447265625e+01,6.836795210838317871e-01
3.241653144359588623e-01,6.678649139404296875e+01,7.527337670326232910e-01
3.132325410842895508e-01,9.079957580566406250e+01,8.432729244232177734e-01
3.377185761928558350e-01,5.636392974853515625e+01,6.716797351837158203e-01
3.744168281555175781e-01,9.759137725830078125e+01,9.840940237045288086e-01
8.869665861129760742e-02,7.148432922363281250e+01,6.005541682243347168e-01
6.906744241714477539e-01,2.110045928955078125e+02,5.290287733078002930e-01
5.117487907409667969e-02,1.420151672363281250e+02,9.170576333999633789e-01
3.589571714401245117e-01,2.054866638183593750e+02,5.317530035972595215e-01
4.029222428798675537e-01,1.215919036865234375e+02,7.744855880737304688e-01
8.588269948959350586e-01,6.638996887207031250e+01,7.597314119338989258e-01
5.831695795059204102e-01,2.708631515502929688e+01,5.394128561019897461e-01
3.959380388259887695e-01,1.507369384765625000e+02,9.760523438453674316e-01
5.085607171058654785e-01,4.920745849609375000e+01,5.313773155212402344e-01
2.470316886901855469e-01,1.288424072265625000e+02,9.432005286216735840e-01
5.807985067367553711e-01,2.178964996337890625e+02,5.842818021774291992e-01
4.336577653884887695e-02,1.548232421875000000e+02,6.078296899795532227e-01
7.992318868637084961e-01,6.575575256347656250e+01,8.427696228027343750e-01
4.222266077995300293e-01,1.826575469970703125e+02,8.485548496246337891e-01
5.250729322433471680e-01,1.932435302734375000e+02,5.494848489761352539e-01
5.464972257614135742e-01,4.945880126953125000e+01,8.043566942214965820e-01
6.829242110252380371e-01,1.934868316650390625e+02,5.620113611221313477e-01
6.829401850700378418e-02,8.327157592773437500e+01,7.425910234451293945e-01
8.289033174514770508e-01,1.998229980468750000e+02,9.476339817047119141e-01
4.176736474037170410e-01,7.404167175292968750e+01,7.759854197502136230e-01
1.072120368480682373e-01,2.037719726562500000e+02,5.318768024444580078e-01
6.488860845565795898e-01,2.045974426269531250e+02,9.960150718688964844e-01
3.613805472850799561e-01,1.972220153808593750e+02,7.822490930557250977e-01
7.016507387161254883e-01,5.346224212646484375e+01,6.895253658294677734e-01
7.158058285713195801e-01,2.004571685791015625e+02,6.575467586517333984e-01
8.548573255538940430e-01,1.980326385498046875e+02,8.816580772399902344e-01
4.317429661750793457e-01,8.370411682128906250e+01,5.769530534744262695e-01
3.237175941467285156e-01,2.033627319335937500e+02,5.023963451385498047e-01
8.840647935867309570e-01,1.917034759521484375e+02,7.995624542236328125e-01
6.560940146446228027e-01,2.134491729736328125e+02,7.851174473762512207e-01
3.774350583553314209e-01,1.835810852050781250e+02,7.282609939575195312e-01
1.089546084403991699e-01,1.990275115966796875e+02,8.013229966163635254e-01
5.664665102958679199e-01,2.283890075683593750e+02,9.328246116638183594e-01
8.463618755340576172e-01,1.183610000610351562e+02,8.380505442619323730e-01
2.319342494010925293e-01,3.254434585571289062e+01,5.958147644996643066e-01
4.255921244621276855e-01,8.491836547851562500e+01,7.233365774154663086e-01
8.950201272964477539e-01,6.368130111694335938e+01,9.175051450729370117e-01
2.738946080207824707e-01,1.095272674560546875e+02,5.353517532348632812e-01
4.169784784317016602e-01,1.918508911132812500e+02,6.455011367797851562e-01
2.047181129455566406e-01,5.118925857543945312e+01,5.482002496719360352e-01
5.455707311630249023e-01,3.291043853759765625e+01,8.761574029922485352e-01
2.262047231197357178e-01,1.056555786132812500e+02,9.894169569015502930e-01
2.184585928916931152e-01,2.235115661621093750e+02,8.905593156814575195e-01
3.853377401828765869e-01,3.265138626098632812e+01,7.288596034049987793e-01
1.458324790000915527e-01,2.239420928955078125e+02,6.156204938888549805e-01
2.490903735160827637e-01,1.731248474121093750e+02,9.172558784484863281e-01
7.861421704292297363e-01,1.811404571533203125e+02,9.039032459259033203e-01
3.307058811187744141e-01,1.453293457031250000e+02,9.737253785133361816e-01
4.699784517288208008e-01,2.161602172851562500e+02,5.176910161972045898e-01
5.685155391693115234e-01,4.635778808593750000e+01,7.388907074928283691e-01
6.279636621475219727e-01,3.354439926147460938e+01,8.937226533889770508e-01
3.681060671806335449e-02,5.722712707519531250e+01,8.291855454444885254e-01
5.382212996482849121e-01,2.167059020996093750e+02,7.765197157859802246e-01
4.337695240974426270e-01,9.766087341308593750e+01,9.020017385482788086e-01
5.981478691101074219e-01,1.496502838134765625e+02,5.400231480598449707e-01
6.211572885513305664e-01,1.140366363525390625e+02,6.498979330062866211e-01
3.355174958705902100e-01,5.108757400512695312e+01,7.109965085983276367e-01
8.444050550460815430e-01,1.692533264160156250e+02,5.862189531326293945e-01
4.537823796272277832e-01,1.173184356689453125e+02,9.924002885818481445e-01
6.447405815124511719e-01,3.263622283935546875e+01,8.286864757537841797e-01
3.214750885963439941e-01,1.120708618164062500e+02,7.634743452072143555e-01
6.324765682220458984e-01,2.359233398437500000e+02,6.429097652435302734e-01
9.728854894638061523e-01,7.841480255126953125e+01,7.031265497207641602e-01
2.814926803112030029e-01,1.557365722656250000e+02,5.377318859100341797e-01
3.906575739383697510e-01,1.884524383544921875e+02,7.441627979278564453e-01
4.179384112358093262e-01,4.527408981323242188e+01,7.168975472450256348e-01
7.670506834983825684e-01,1.626055908203125000e+02,9.592086076736450195e-01
4.411137104034423828e-01,4.465628433227539062e+01,8.508135080337524414e-01
8.272520303726196289e-01,7.914497375488281250e+01,5.260683894157409668e-01
3.973927497863769531e-01,5.917234039306640625e+01,5.578526854515075684e-01
7.623537778854370117e-01,1.723949584960937500e+02,5.452314615249633789e-01
8.641705513000488281e-01,1.691631622314453125e+02,9.747169017791748047e-01
3.080142140388488770e-01,5.665877532958984375e+01,5.069931745529174805e-01
5.999926924705505371e-01,1.675701904296875000e+02,7.132120132446289062e-01
1.669828891754150391e-01,1.139830398559570312e+02,5.145007371902465820e-01
5.146872997283935547e-02,9.130633544921875000e+01,7.207847237586975098e-01
9.451285004615783691e-02,2.028534088134765625e+02,6.043135523796081543e-01
5.541805028915405273e-01,5.266802978515625000e+01,7.165924310684204102e-01
5.881906747817993164e-01,1.955154724121093750e+02,8.144769668579101562e-01
1.709504723548889160e-01,3.676712417602539062e+01,8.704374432563781738e-01
1.446115076541900635e-01,2.034726409912109375e+02,7.604606747627258301e-01
4.239535033702850342e-01,2.196836395263671875e+02,5.532670021057128906e-01
4.776397049427032471e-01,7.944818115234375000e+01,8.365749120712280273e-01
1.325865089893341064e-01,2.223936157226562500e+02,9.518392682075500488e-01
6.319227814674377441e-01,1.567541503906250000e+02,9.685137271881103516e-01
9.646705985069274902e-01,5.717707443237304688e+01,5.493084192276000977e-01
3.935242891311645508e-01,1.085283966064453125e+02,9.823194742202758789e-01
6.611187458038330078e-01,1.744328460693359375e+02,8.413440585136413574e-01
7.617321610450744629e-01,1.784306640625000000e+02,9.438039660453796387e-01
3.092674016952514648e-01,1.156795959472656250e+02,5.980507135391235352e-01
3.397228121757507324e-01,9.295587158203125000e+01,6.239600777626037598e-01
2.397255301475524902e-01,1.643459930419921875e+02,8.387320637702941895e-01
3.239703178405761719e-01,5.636465835571289062e+01,8.723866939544677734e-01
3.089753389358520508e-01,4.994614410400390625e+01,7.707666158676147461e-01
8.556520342826843262e-01,1.628214569091796875e+02,9.933663606643676758e-01
7.240901589393615723e-01,1.916743927001953125e+02,7.930986285209655762e-01
3.412666320800781250e-01,1.182976303100585938e+02,8.441900014877319336e-01
9.407793879508972168e-01,1.036363143920898438e+02,6.503207683563232422e-01
4.514746069908142090e-01,1.744386291503906250e+02,9.437727928161621094e-01
2.352218329906463623e-01,1.826367797851562500e+02,9.045381546020507812e-01
1.520992219448089600e-01,2.221225585937500000e+02,8.082789182662963867e-01
3.659206330776214600e-01,2.187871704101562500e+02,5.145005583763122559e-01
8.245766162872314453e-01,2.061364746093750000e+02,7.919444441795349121e-01
8.636358976364135742e-01,2.191834869384765625e+02,7.743189334869384766e-01
6.673507094383239746e-01,1.523844757080078125e+02,8.269683122634887695e-01
3.227966427803039551e-01,1.589730682373046875e+02,5.565681457519531250e-01
4.942999184131622314e-01,4.358628082275390625e+01,8.581192493438720703e-01
5.559855699539184570e-01,9.794065093994140625e+01,7.543742060661315918e-01
5.883955359458923340e-01,1.775310821533203125e+02,9.643156528472900391e-01
2.929152250289916992e-01,2.069396514892578125e+02,8.905810117721557617e-01
3.033174872398376465e-01,1.971142120361328125e+02,8.051097393035888672e-01
1.000140011310577393e-01,1.457623443603515625e+02,8.202728629112243652e-01
9.463527202606201172e-01,1.516768341064453125e+02,9.478726983070373535e-01
7.858287096023559570e-01,3.180661964416503906e+01,8.570864200592041016e-01
8.006833791732788086e-01,1.396650238037109375e+02,9.537128210067749023e-01
8.080331087112426758e-01,2.110113677978515625e+02,8.442400693893432617e-01
4.674043655395507812e-01,2.121527862548828125e+02,7.429769039154052734e-01
8.467273712158203125e-01,2.117461547851562500e+02,7.585324048995971680e-01
5.459237694740295410e-01,8.643870544433593750e+01,6.315994858741760254e-01
6.340439319610595703e-01,1.908759155273437500e+02,9.878927469253540039e-01
2.597880363464355469e-02,3.548057174682617188e+01,6.114138960838317871e-01
1.344510614871978760e-01,1.099310150146484375e+02,9.726339578628540039e-01
3.099185824394226074e-01,4.905078125000000000e+01,6.009401082992553711e-01
7.472385168075561523e-01,2.941113853454589844e+01,7.432202696800231934e-01
4.372182488441467285e-01,2.183339233398437500e+02,8.541504740715026855e-01
7.239533066749572754e-01,9.675478363037109375e+01,9.520400762557983398e-01
1.360818147659301758e-01,1.569784545898437500e+02,8.312613368034362793e-01
-9.469312429428101280e-03,9.723439025878906250e+01,7.587437629699707031e-01
8.810255527496337891e-01,1.883842163085937500e+02,9.328464269638061523e-01
6.064738631248474121e-01,1.088558044433593750e+02,8.427383899688720703e-01
1.419165730476379395e-01,1.914545440673828125e+02,8.688983917236328125e-01
4.361941814422607422e-01,8.437635803222656250e+01,9.210616946220397949e-01
6.881610155105590820e-01,2.146240844726562500e+02,6.099599599838256836e-01
4.166009426116943359e-01,1.567522430419921875e+02,8.924173116683959961e-01
7.968788146972656250e-01,1.754869232177734375e+02,7.625109553337097168e-01
8.486846089363098145e-02,6.090944671630859375e+01,8.090289235115051270e-01
5.759697556495666504e-01,7.709998321533203125e+01,9.435352087020874023e-01
1.427202224731445312e-01,5.061644744873046875e+01,5.215334892272949219e-01
7.202734947204589844e-01,1.732203216552734375e+02,8.816377520561218262e-01
2.444461286067962646e-01,6.074250411987304688e+01,9.509162902832031250e-01
1.225549876689910889e-01,9.048871612548828125e+01,6.332716941833496094e-01
6.497193574905395508e-01,1.814222259521484375e+02,7.031940817832946777e-01
8.238191604614257812e-01,1.862332153320312500e+02,8.012068867683410645e-01
3.482078313827514648e-01,2.163510284423828125e+02,7.578606009483337402e-01
2.894091904163360596e-01,1.720696105957031250e+02,8.638738393783569336e-01
2.830325365066528320e-01,9.938938903808593750e+01,8.485434055328369141e-01
8.530297875404357910e-01,1.809260406494140625e+02,5.896473526954650879e-01
7.352625131607055664e-01,1.647736358642578125e+02,5.385821461677551270e-01
5.896723866462707520e-01,1.042891540527343750e+02,6.519077420234680176e-01
7.916284799575805664e-01,2.086537780761718750e+02,7.991544008255004883e-01
4.285648465156555176e-02,1.000568542480468750e+02,8.193168640136718750e-01
7.584914565086364746e-02,1.821840820312500000e+02,8.675495386123657227e-01
1.493348181247711182e-01,1.209346084594726562e+02,7.893445491790771484e-01
3.337813019752502441e-01,6.754634094238281250e+01,7.656247615814208984e-01
7.893966436386108398e-01,1.063233566284179688e+02,8.393034338951110840e-01
3.982832431793212891e-01,1.412208862304687500e+02,8.998144865036010742e-01
4.343042969703674316e-01,9.113227844238281250e+01,5.737033486366271973e-01
9.133499860763549805e-02,7.624267578125000000e+01,8.852755427360534668e-01
8.763812780380249023e-01,3.885542678833007812e+01,7.580162286758422852e-01
2.426055073738098145e-01,6.377288818359375000e+01,5.420793294906616211e-01
2.347495555877685547e-01,2.113529205322265625e+02,5.090692043304443359e-01
2.988099157810211182e-01,1.340178222656250000e+02,8.999444246292114258e-01
5.432335734367370605e-01,1.862030334472656250e+02,8.993814587593078613e-01
3.080318570137023926e-01,1.665025634765625000e+02,9.562699794769287109e-01
6.630690097808837891e-01,1.625885467529296875e+02,8.565733432769775391e-01
6.153237223625183105e-01,1.878298950195312500e+02,5.569211840629577637e-01
3.101231455802917480e-01,2.002012176513671875e+02,8.620727658271789551e-01
9.105619788169860840e-01,9.594180297851562500e+01,6.613411903381347656e-01
5.083374977111816406e-01,3.913501739501953125e+01,5.476915836334228516e-01
4.995895922183990479e-01,9.175958251953125000e+01,5.546738505363464355e-01
5.656067132949829102e-01,1.911504669189453125e+02,5.375426411628723145e-01
4.121565818786621094e-01,1.906027526855468750e+02,6.260254383087158203e-01
7.568205595016479492e-01,1.599604339599609375e+02,9.233434200286865234e-01
7.761875391006469727e-01,1.951077117919921875e+02,5.495643019676208496e-01
7.342243194580078125e-01,3.630869674682617188e+01,6.561412811279296875e-01
4.097653925418853760e-01,2.269339904785156250e+02,7.139732241630554199e-01
7.873237133026123047e-01,1.892669525146484375e+02,5.677287578582763672e-01
6.376707553863525391e-01,8.021767425537109375e+01,8.342666625976562500e-01
2.738492190837860107e-01,1.855022735595703125e+02,9.860224723815917969e-01
1.930224895477294922e-01,2.249774780273437500e+02,8.670442104339599609e-01
2.221168875694274902e-01,1.136373367309570312e+02,9.055626988410949707e-01
4.861738979816436768e-01,1.522111358642578125e+02,5.053715705871582031e-01
9.557039737701416016e-01,2.159942321777343750e+02,5.299249887466430664e-01
8.368116617202758789e-01,1.772032165527343750e+02,9.086182713508605957e-01
7.102929353713989258e-01,1.578788299560546875e+02,5.837479829788208008e-01
7.286105751991271973e-01,1.459228668212890625e+02,9.873036146163940430e-01
6.084977984428405762e-01,1.690491790771484375e+02,5.084784030914306641e-01
9.082344174385070801e-01,1.256509857177734375e+02,7.300708889961242676e-01
1.584890484809875488e-01,1.222509155273437500e+02,5.185495615005493164e-01
3.956731855869293213e-01,9.710189056396484375e+01,6.632729172706604004e-01
2.265105545520782471e-01,1.413832855224609375e+02,5.658991336822509766e-01
7.764940261840820312e-01,2.156423950195312500e+02,5.306673049926757812e-01
6.210809946060180664e-02,3.712307357788085938e+01,5.757133960723876953e-01
1.767721772193908691e-02,2.229257354736328125e+02,7.349797487258911133e-01
4.619580507278442383e-01,2.091275177001953125e+02,5.425494909286499023e-01
1.593883037567138672e-01,1.071206970214843750e+02,5.120884180068969727e-01
3.029493987560272217e-01,6.254559707641601562e+01,7.551120519638061523e-01
3.489074409008026123e-01,1.733528900146484375e+02,9.210516214370727539e-01
3.918158710002899170e-01,2.030196685791015625e+02,7.167434096336364746e-01
5.775413513183593750e-01,1.505623474121093750e+02,9.487084150314331055e-01
2.522237300872802734e-01,1.329981079101562500e+02,7.844203710556030273e-01
5.746650695800781250e-01,2.100667724609375000e+02,7.054909467697143555e-01
7.132361531257629395e-01,1.693460540771484375e+02,8.097398281097412109e-01
1.438089609146118164e-01,2.211786499023437500e+02,6.903553605079650879e-01
5.135740041732788086e-01,1.527975921630859375e+02,8.572636842727661133e-01
3.237533569335937500e-01,1.621216430664062500e+02,8.682907819747924805e-01
6.544596552848815918e-01,1.740963592529296875e+02,7.300370335578918457e-01
1.646862626075744629e-01,1.140698242187500000e+02,5.188327431678771973e-01
9.777175188064575195e-01,1.390593872070312500e+02,8.177487850189208984e-01
1.581677794456481934e-01,9.928721618652343750e+01,7.655090093612670898e-01
1.981354653835296631e-01,1.146447296142578125e+02,8.416053056716918945e-01
5.189059376716613770e-01,9.239061737060546875e+01,7.097847461700439453e-01
2.848404049873352051e-01,5.424196243286132812e+01,5.723767280578613281e-01
7.904416322708129883e-02,1.068706359863281250e+02,5.120406746864318848e-01
7.060688734054565430e-01,2.087323150634765625e+02,5.646936893463134766e-01
8.499144315719604492e-01,1.667444305419921875e+02,6.200082898139953613e-01
4.642853736877441406e-01,6.468543243408203125e+01,8.189081549644470215e-01
3.811057806015014648e-01,1.045700683593750000e+02,9.890810251235961914e-01
5.750708580017089844e-01,5.749200439453125000e+01,8.468263149261474609e-01
6.035654544830322266e-01,1.913123474121093750e+02,5.154299736022949219e-01
5.529254078865051270e-01,1.856534118652343750e+02,5.850299596786499023e-01
7.256166934967041016e-01,1.897908172607421875e+02,6.260226964950561523e-01
1.730308532714843750e-01,1.253372955322265625e+02,8.285936117172241211e-01
5.725730657577514648e-01,1.260032424926757812e+02,9.746427536010742188e-01
8.000644445419311523e-01,1.865738983154296875e+02,9.015183448791503906e-01
5.562829971313476562e-01,2.155787353515625000e+02,7.399297356605529785e-01
2.720395326614379883e-01,1.619829864501953125e+02,9.137892723083496094e-01
3.746902346611022949e-01,1.416950836181640625e+02,9.013441801071166992e-01
3.210604786872863770e-01,1.205199127197265625e+02,5.302786231040954590e-01
6.257745027542114258e-01,1.759417877197265625e+02,8.421582579612731934e-01
8.946925401687622070e-01,1.242255477905273438e+02,8.006623983383178711e-01
4.176332950592041016e-01,3.184187316894531250e+01,5.182920694351196289e-01
4.042273461818695068e-01,7.476147460937500000e+01,5.442636013031005859e-01
8.356832265853881836e-01,1.697451019287109375e+02,7.006092071533203125e-01
6.590341925621032715e-01,1.810740203857421875e+02,5.775786042213439941e-01
1.197916567325592041e-01,1.965967102050781250e+02,5.492043495178222656e-01
4.370420277118682861e-01,1.086878204345703125e+02,7.736964225769042969e-01
4.964115619659423828e-01,1.949413604736328125e+02,6.617164611816406250e-01
3.734889626502990723e-01,1.164949722290039062e+02,9.203062057495117188e-01
5.606199502944946289e-01,8.339237213134765625e+01,6.191439032554626465e-01
5.505898594856262207e-01,1.119203338623046875e+02,9.407901763916015625e-01
6.383117437362670898e-01,2.059171600341796875e+02,6.167205572128295898e-01
7.641789317131042480e-01,2.251589355468750000e+02,8.209698200225830078e-01
8.844660520553588867e-01,6.742649841308593750e+01,6.278533339500427246e-01
6.607930660247802734e-01,1.609153594970703125e+02,7.782883644104003906e-01
3.762784302234649658e-01,7.972969055175781250e+01,8.217943906784057617e-01
4.633710980415344238e-01,1.466706390380859375e+02,8.811836242675781250e-01
7.326344251632690430e-01,1.853771972656250000e+02,5.220063328742980957e-01
9.517703056335449219e-01,8.951456451416015625e+01,8.229726552963256836e-01
4.235103428363800049e-01,9.335006713867187500e+01,7.599402666091918945e-01
3.364183604717254639e-01,1.355224914550781250e+02,9.797756075859069824e-01
7.738642096519470215e-01,3.588982391357421875e+01,5.595942139625549316e-01
7.043089866638183594e-01,1.903342895507812500e+02,5.044845342636108398e-01
6.048275828361511230e-01,1.871169433593750000e+02,5.189300775527954102e-01
5.865789651870727539e-01,2.117160797119140625e+02,5.497229695320129395e-01
3.711715340614318848e-01,1.323747406005859375e+02,5.216987133026123047e-01
5.714882016181945801e-01,2.146821746826171875e+02,7.028825879096984863e-01
-1.875025033950805707e-03,1.224088058471679688e+02,6.502193212509155273e-01
3.232374489307403564e-01,4.158214569091796875e+01,5.284166336059570312e-01
8.244350552558898926e-02,4.828417205810546875e+01,9.133040904998779297e-01
7.616872191429138184e-01,1.099545288085937500e+02,7.665552496910095215e-01
4.667049646377563477e-01,2.160421752929687500e+02,7.734575867652893066e-01
2.248755395412445068e-01,3.528258895874023438e+01,9.423416256904602051e-01
7.483969926834106445e-01,1.217353439331054688e+02,7.066250443458557129e-01
5.062868595123291016e-01,1.334188537597656250e+02,5.782194137573242188e-01
6.308705210685729980e-01,1.845401916503906250e+02,7.209663391113281250e-01
9.354491233825683594e-01,1.498349609375000000e+02,8.238357901573181152e-01
6.481850147247314453e-02,7.681391143798828125e+01,6.215366721153259277e-01
1.088796854019165039e-01,5.463442611694335938e+01,9.758576154708862305e-01
5.857271552085876465e-01,1.850121154785156250e+02,9.563626050949096680e-01
4.936286509037017822e-01,1.593522338867187500e+02,9.485524892807006836e-01
3.117680549621582031e-01,1.304003295898437500e+02,8.892390131950378418e-01
5.389689207077026367e-01,2.097089233398437500e+02,7.484409809112548828e-01
7.145320177078247070e-01,2.019127197265625000e+02,7.001876831054687500e-01
5.267149209976196289e-02,2.439265594482421875e+02,6.226927042007446289e-01
3.559373021125793457e-01,1.300574493408203125e+02,9.822720289230346680e-01
9.016118049621582031e-01,3.808486557006835938e+01,7.907685041427612305e-01
1.560879945755004883e-01,2.228377380371093750e+02,6.153752207756042480e-01
8.391807079315185547e-01,1.858475646972656250e+02,7.309762239456176758e-01
7.215687632560729980e-01,1.854649353027343750e+02,7.996269464492797852e-01
9.584004878997802734e-01,2.252110290527343750e+02,7.197486162185668945e-01
1.423813998699188232e-01,8.495827484130859375e+01,7.734677791595458984e-01
3.115727603435516357e-01,1.188110427856445312e+02,9.298655986785888672e-01
4.726327657699584961e-01,1.318031463623046875e+02,5.033951401710510254e-01
4.134683012962341309e-01,1.324084472656250000e+02,5.406495928764343262e-01
7.793660163879394531e-01,1.749522399902343750e+02,6.987779736518859863e-01
6.479012966156005859e-01,3.498864746093750000e+01,6.358343362808227539e-01
2.489420771598815918e-02,1.762858123779296875e+02,6.716732978820800781e-01
5.980589985847473145e-01,5.388766479492187500e+01,6.847715377807617188e-01
4.987472891807556152e-01,1.291970520019531250e+02,8.326829671859741211e-01
7.636806368827819824e-02,6.112881851196289062e+01,8.346713185310363770e-01
4.379920959472656250e-01,2.199120178222656250e+02,7.811313271522521973e-01
5.017679929733276367e-01,8.740206909179687500e+01,6.861908435821533203e-01
4.974723756313323975e-01,9.903466796875000000e+01,7.827054262161254883e-01
4.981292188167572021e-01,4.304029464721679688e+01,8.057253360748291016e-01
5.281737446784973145e-02,1.449391174316406250e+02,9.956074357032775879e-01
2.874636054039001465e-01,1.267681503295898438e+02,8.849680423736572266e-01
9.128832817077636719e-01,6.060066604614257812e+01,6.496389508247375488e-01
9.107990264892578125e-01,1.376757812500000000e+02,8.356279730796813965e-01
8.900984525680541992e-01,7.113550567626953125e+01,9.377024173736572266e-01
-2.242761850357055838e-03,9.232872772216796875e+01,7.095191478729248047e-01
7.024710774421691895e-01,1.421490783691406250e+02,8.667397499084472656e-01
2.488237619400024414e-02,1.778594512939453125e+02,7.074386477470397949e-01
5.168583989143371582e-01,8.392803955078125000e+01,9.230908155441284180e-01
7.766879200935363770e-01,2.039037628173828125e+02,8.097075819969177246e-01
8.896033763885498047e-01,2.161815948486328125e+02,6.515170335769653320e-01
7.157284021377563477e-01,1.457180633544921875e+02,7.934685945510864258e-01
2.804628312587738037e-01,1.328239288330078125e+02,9.868913888931274414e-01
7.893136143684387207e-02,8.313830566406250000e+01,7.577970623970031738e-01
8.096501827239990234e-01,2.202002258300781250e+02,6.053739786148071289e-01
6.937004923820495605e-01,4.358385467529296875e+01,8.266923427581787109e-01
5.210544466972351074e-01,2.157622985839843750e+02,8.524609208106994629e-01
3.779143989086151123e-01,1.129764938354492188e+02,7.052762508392333984e-01
2.081207334995269775e-01,2.102315063476562500e+02,5.091015100479125977e-01
6.402031183242797852e-01,2.125728302001953125e+02,7.491914033889770508e-01
4.615227580070495605e-01,1.316327056884765625e+02,9.467903375625610352e-01
7.152501344680786133e-01,1.273273773193359375e+02,7.259351015090942383e-01
1.010129153728485107e-01,3.041594696044921875e+01,9.129201173782348633e-01
3.817598223686218262e-01,2.185823669433593750e+02,5.920200943946838379e-01
2.341774404048919678e-01,2.023447723388671875e+02,8.850570321083068848e-01
8.944613933563232422e-01,7.091934967041015625e+01,8.296881318092346191e-01
3.193532824516296387e-01,1.657697296142578125e+02,7.147058248519897461e-01
3.724041581153869629e-01,1.710803070068359375e+02,6.284926533699035645e-01
4.833709597587585449e-01,1.414837799072265625e+02,6.194382309913635254e-01
1.737960875034332275e-01,1.501834106445312500e+02,9.664664864540100098e-01
3.126997053623199463e-01,7.293879699707031250e+01,9.909446239471435547e-01
1.876401305198669434e-01,2.176907196044921875e+02,5.701188445091247559e-01
2.383954524993896484e-01,1.986019134521484375e+02,5.325713157653808594e-01
8.744258880615234375e-01,2.001080017089843750e+02,6.073451042175292969e-01
1.463400721549987793e-01,7.187014770507812500e+01,5.458515882492065430e-01
2.365873456001281738e-01,1.399956207275390625e+02,8.501199483871459961e-01
8.422618508338928223e-01,1.290609130859375000e+02,8.516308069229125977e-01
6.645138263702392578e-01,1.469670715332031250e+02,5.285755395889282227e-01
9.885457754135131836e-01,1.649887466430664062e+01,6.461569070816040039e-01
7.837376594543457031e-01,5.068418884277343750e+01,7.074609994888305664e-01
5.298035740852355957e-01,2.207004699707031250e+02,6.772390604019165039e-01
6.016982793807983398e-01,5.146552276611328125e+01,8.901067376136779785e-01
9.053713679313659668e-01,1.719980163574218750e+02,9.227445125579833984e-01
-1.530152559280395551e-03,1.490038299560546875e+02,7.938888072967529297e-01
5.944843888282775879e-01,1.063535537719726562e+02,7.559304237365722656e-01
2.815380096435546875e-01,2.026221771240234375e+02,8.228982686996459961e-01
9.745044112205505371e-01,1.722934417724609375e+02,5.706588029861450195e-01
3.815989792346954346e-01,1.860453491210937500e+02,9.507629871368408203e-01
-1.172637939453125130e-03,5.775983428955078125e+01,7.262301445007324219e-01
3.698516786098480225e-01,1.978628540039062500e+02,8.925105333328247070e-01
6.989133358001708984e-01,2.382590026855468750e+02,5.962910056114196777e-01
2.832066118717193604e-01,6.109148406982421875e+01,5.441461801528930664e-01
9.283511638641357422e-01,8.038168334960937500e+01,5.706097483634948730e-01
5.270863771438598633e-01,9.511153411865234375e+01,7.554479837417602539e-01
3.480463624000549316e-01,2.868990135192871094e+01,5.202385187149047852e-01
1.262111663818359375e-01,1.849425201416015625e+02,7.024083137512207031e-01
4.119903743267059326e-01,8.692534637451171875e+01,9.521764516830444336e-01
6.945130228996276855e-01,8.185034942626953125e+01,8.333972692489624023e-01
7.106581330299377441e-01,1.582234191894531250e+02,5.393891930580139160e-01
3.889998495578765869e-01,1.285205383300781250e+02,8.766404390335083008e-01
8.558653593063354492e-01,1.522498016357421875e+02,7.691026329994201660e-01
6.716400980949401855e-01,3.168067741394042969e+01,5.445175170898437500e-01
7.900030612945556641e-01,1.971549987792968750e+02,7.508759498596191406e-01
4.490005373954772949e-01,9.756716918945312500e+01,6.536280512809753418e-01
8.753166198730468750e-01,1.986623229980468750e+02,7.629665136337280273e-01
2.356825172901153564e-01,2.000311279296875000e+02,7.734525203704833984e-01
6.477012634277343750e-01,5.949722290039062500e+01,5.912106633186340332e-01
7.208414673805236816e-01,2.038042602539062500e+02,6.272236704826354980e-01
7.404775023460388184e-01,1.620896606445312500e+02,8.999859094619750977e-01
7.222370505332946777e-01,1.250413208007812500e+02,8.980693221092224121e-01
6.259182691574096680e-01,6.698835754394531250e+01,6.855200529098510742e-01
5.641998052597045898e-01,1.069263763427734375e+02,7.858884334564208984e-01
3.255966305732727051e-01,1.565462493896484375e+02,7.019468545913696289e-01
7.789270281791687012e-01,3.577344512939453125e+01,5.613069534301757812e-01
5.996642112731933594e-01,1.999050903320312500e+02,7.173084616661071777e-01
8.105893731117248535e-01,2.176497192382812500e+02,5.749654769897460938e-01
3.966884911060333252e-01,1.300113220214843750e+02,6.559872627258300781e-01
4.329536855220794678e-01,4.172445297241210938e+01,5.387260317802429199e-01
4.724437892436981201e-01,2.927034187316894531e+01,8.243012428283691406e-01
6.326850652694702148e-01,7.626871490478515625e+01,7.153667807579040527e-01
4.643542170524597168e-01,9.495451354980468750e+01,8.173817396163940430e-01
7.070878744125366211e-01,2.118309173583984375e+02,9.603317379951477051e-01
2.937587201595306396e-01,8.095420074462890625e+01,9.001174569129943848e-01
2.905188798904418945e-01,1.953136749267578125e+02,5.533606410026550293e-01
1.649317145347595215e-02,1.654852600097656250e+02,9.140028953552246094e-01
2.721662819385528564e-01,1.521989593505859375e+02,6.548678278923034668e-01
5.974276065826416016e-01,2.221703491210937500e+02,5.571490526199340820e-01
8.027713298797607422e-01,1.819713745117187500e+02,6.619147062301635742e-01
2.365342378616333008e-01,1.207436523437500000e+02,5.211781859397888184e-01
7.974804639816284180e-01,1.645349273681640625e+02,7.767269611358642578e-01
1.551814973354339600e-01,2.672976684570312500e+01,7.447028756141662598e-01
2.421441972255706787e-01,1.581405029296875000e+02,8.189978599548339844e-01
6.472231149673461914e-01,2.136468963623046875e+02,6.573310494422912598e-01
7.448846101760864258e-01,2.364149932861328125e+02,9.725635051727294922e-01
6.051597595214843750e-01,2.077321472167968750e+02,9.683650732040405273e-01
1.298659145832061768e-01,1.197848281860351562e+02,8.039605021476745605e-01
4.521510303020477295e-01,1.751941680908203125e+02,8.683203458786010742e-01
1.826456189155578613e-02,2.613553047180175781e+01,9.210024476051330566e-01
1.796933114528656006e-01,4.594818496704101562e+01,8.725250363349914551e-01
9.078161120414733887e-01,2.710574531555175781e+01,7.546432018280029297e-01
5.446837544441223145e-01,6.638602447509765625e+01,9.707763195037841797e-01
8.716380000114440918e-01,1.870673675537109375e+02,8.518782258033752441e-01
7.722380161285400391e-01,1.779501495361328125e+02,6.083862781524658203e-01
3.770242333412170410e-01,2.062892150878906250e+02,6.648364067077636719e-01
2.975258529186248779e-01,1.879586639404296875e+02,6.632872819900512695e-01
9.062315225601196289e-01,1.855766906738281250e+02,8.100848197937011719e-01
3.727185726165771484e-01,4.597040557861328125e+01,6.766898632049560547e-01
9.055849313735961914e-01,2.069111480712890625e+02,5.464872121810913086e-01
5.537902116775512695e-01,1.652060852050781250e+02,5.717601776123046875e-01
8.243305683135986328e-01,2.049164733886718750e+02,5.080955028533935547e-01
2.189356386661529541e-01,1.279088058471679688e+02,7.654390335083007812e-01
5.516135692596435547e-01,6.624847412109375000e+01,7.236684560775756836e-01
7.227078676223754883e-01,1.851362457275390625e+02,8.573617935180664062e-01
5.355117321014404297e-01,2.271421508789062500e+02,8.129280805587768555e-01
3.003970682621002197e-01,8.335738372802734375e+01,9.790666103363037109e-01
2.478207647800445557e-01,1.295844726562500000e+02,8.372051119804382324e-01
9.098972082138061523e-01,2.049068145751953125e+02,9.234233498573303223e-01
7.334452867507934570e-01,1.203787536621093750e+02,9.641305208206176758e-01
9.051977396011352539e-01,1.741189880371093750e+02,7.575217485427856445e-01
2.281907796859741211e-01,1.973606719970703125e+02,8.637904524803161621e-01
5.905586481094360352e-01,1.038440170288085938e+02,7.712841629981994629e-01
2.755413651466369629e-01,8.409703063964843750e+01,8.673450946807861328e-01
8.131054639816284180e-01,1.867767028808593750e+02,8.882217407226562500e-01
2.342846095561981201e-01,1.158381423950195312e+02,6.580917835235595703e-01
6.455483436584472656e-01,2.052633666992187500e+02,7.374880313873291016e-01
3.841662704944610596e-01,9.349819946289062500e+01,9.696874618530273438e-01
3.212073445320129395e-01,1.992704315185546875e+02,7.265542149543762207e-01
1.437675058841705322e-01,6.761724853515625000e+01,7.252503037452697754e-01
5.009503364562988281e-01,5.482732391357421875e+01,6.279809474945068359e-01
8.501068353652954102e-01,1.905842895507812500e+02,7.431337833404541016e-01
2.170212864875793457e-01,1.177297744750976562e+02,8.438662290573120117e-01
6.267494559288024902e-01,1.948096923828125000e+02,7.474561929702758789e-01
2.424257099628448486e-01,1.055502853393554688e+02,7.507178187370300293e-01
1.104491949081420898e-02,5.645783233642578125e+01,7.347061038017272949e-01
4.874591529369354248e-01,1.581122283935546875e+02,8.552321195602416992e-01
1.450069546699523926e-01,1.409624328613281250e+02,6.536479592323303223e-01
3.940284252166748047e-01,1.559950714111328125e+02,8.805432319641113281e-01
7.001390457153320312e-01,2.113001708984375000e+02,7.378787398338317871e-01
-8.323729038238526258e-04,1.395095977783203125e+02,7.235289812088012695e-01
4.384598731994628906e-01,7.162953948974609375e+01,6.290287375450134277e-01
6.542036533355712891e-01,1.527976379394531250e+02,8.577351570129394531e-01
4.530473053455352783e-01,7.004827880859375000e+01,9.670339226722717285e-01
5.435521006584167480e-01,1.442167358398437500e+02,5.497572422027587891e-01
2.120034396648406982e-01,9.787810516357421875e+01,6.832221746444702148e-01
8.692371845245361328e-02,1.961567535400390625e+02,6.868790388107299805e-01
1.548246145248413086e-01,1.981712341308593750e+02,5.928953289985656738e-01
4.175086319446563721e-01,1.140397186279296875e+02,9.688795804977416992e-01
7.344145774841308594e-01,5.951652526855468750e+01,9.009569287300109863e-01
1.016078591346740723e-01,3.777396392822265625e+01,7.295029759407043457e-01
3.820428252220153809e-01,2.300155944824218750e+02,5.632191300392150879e-01
6.612440347671508789e-01,9.846559906005859375e+01,5.771316289901733398e-01
4.457234740257263184e-01,1.854626007080078125e+02,7.847152948379516602e-01
1.068167984485626221e-01,2.360782470703125000e+02,7.653705477714538574e-01
7.592642903327941895e-01,9.911978149414062500e+01,6.314176321029663086e-01
5.171995759010314941e-01,1.425650482177734375e+02,5.876497626304626465e-01
4.935795366764068604e-01,6.318086624145507812e+01,7.458214759826660156e-01
7.257836461067199707e-01,2.033868713378906250e+02,5.293095111846923828e-01
7.159276604652404785e-01,5.250241851806640625e+01,9.897633790969848633e-01
8.853111267089843750e-01,1.758971099853515625e+02,9.763706922531127930e-01
5.044003129005432129e-01,7.988806152343750000e+01,6.963635087013244629e-01
8.142331838607788086e-01,2.048396911621093750e+02,5.910376310348510742e-01
5.469714403152465820e-01,1.786076049804687500e+02,8.640291094779968262e-01
3.943031132221221924e-01,1.563219146728515625e+02,9.347566366195678711e-01
3.877692818641662598e-01,2.155695800781250000e+02,9.295699000358581543e-01
4.161844253540039062e-01,1.913626708984375000e+02,7.808458805084228516e-01
5.853322744369506836e-01,1.948594055175781250e+02,7.882244586944580078e-01
9.108864665031433105e-01,9.110955047607421875e+01,6.725336313247680664e-01
8.304284811019897461e-01,7.011901855468750000e+01,7.547569274902343750e-01
6.373989582061767578e-01,1.561473999023437500e+02,9.570937752723693848e-01
3.958612382411956787e-01,1.464287109375000000e+02,7.587822675704956055e-01
6.394191980361938477e-01,2.349603118896484375e+02,5.136581063270568848e-01
2.370981574058532715e-01,2.154470520019531250e+02,5.465365648269653320e-01
3.662075400352478027e-01,1.605094604492187500e+02,6.544946432113647461e-01
8.961347341537475586e-01,1.289331054687500000e+02,7.941554188728332520e-01
9.055435657501220703e-02,5.706077194213867188e+01,8.425372838973999023e-01
4.816686213016510010e-01,1.825198669433593750e+02,5.765602588653564453e-01
5.078678131103515625e-01,1.705977630615234375e+02,9.946095943450927734e-01
7.102472782135009766e-01,6.280538177490234375e+01,9.067835807800292969e-01
9.394131898880004883e-01,1.445234832763671875e+02,9.936792850494384766e-01
7.922075986862182617e-01,1.388009796142578125e+02,9.938316345214843750e-01
4.637867212295532227e-01,2.101665344238281250e+02,7.610235214233398438e-01
5.208656787872314453e-01,1.718809509277343750e+02,7.815662622451782227e-01
5.783020853996276855e-01,1.766439361572265625e+02,8.375401496887207031e-01
6.104403734207153320e-01,7.791839599609375000e+01,8.308196067810058594e-01
6.723241806030273438e-01,1.408965759277343750e+02,6.076191067695617676e-01
3.923951089382171631e-01,1.283610992431640625e+02,5.079913139343261719e-01
7.013424038887023926e-01,8.324276733398437500e+01,8.849506378173828125e-01
1.478180289268493652e-01,7.751467132568359375e+01,9.073834419250488281e-01
9.410151839256286621e-02,2.105315093994140625e+02,8.178774118423461914e-01
9.727152585983276367e-01,1.690141296386718750e+02,9.581445455551147461e-01
4.136381745338439941e-01,2.363852996826171875e+02,5.848268866539001465e-01
8.996350765228271484e-01,1.696986389160156250e+02,9.820955991744995117e-01
9.198483228683471680e-01,1.981164703369140625e+02,8.853509426116943359e-01
1.889421641826629639e-01,1.060432968139648438e+02,5.145359039306640625e-01
3.586133718490600586e-01,1.951033172607421875e+02,7.658907175064086914e-01
5.561711788177490234e-01,1.850542297363281250e+02,7.704319953918457031e-01
1.754865944385528564e-01,1.457505798339843750e+02,5.614165067672729492e-01
7.171727418899536133e-01,1.380947265625000000e+02,6.500170230865478516e-01
6.014004945755004883e-01,1.890908966064453125e+02,8.247254490852355957e-01
9.044269919395446777e-01,9.367671966552734375e+01,5.949050188064575195e-01
9.254223108291625977e-01,1.099445571899414062e+02,9.534366130828857422e-01
9.548144340515136719e-01,1.644031524658203125e+02,9.815948009490966797e-01
8.514119982719421387e-01,1.712380676269531250e+02,7.689428329467773438e-01
3.648810386657714844e-01,7.975690460205078125e+01,7.300577163696289062e-01
3.957197666168212891e-01,1.832410736083984375e+02,8.250457048416137695e-01
5.511809587478637695e-01,8.218936920166015625e+01,9.843975305557250977e-01
5.964431762695312500e-01,2.382276153564453125e+02,5.674858093261718750e-01
2.957881093025207520e-01,7.352749633789062500e+01,5.289961099624633789e-01
7.270044088363647461e-01,1.725397338867187500e+02,9.604064226150512695e-01
7.816879749298095703e-01,1.411725769042968750e+02,5.977723598480224609e-01
7.939108014106750488e-01,1.184165496826171875e+02,5.746386051177978516e-01
8.956195712089538574e-01,1.922366638183593750e+02,8.881138563156127930e-01
9.134869575500488281e-01,3.204500198364257812e+01,7.811358571052551270e-01
6.139065623283386230e-01,1.439737548828125000e+02,5.492843389511108398e-01
6.865054965019226074e-01,1.909083251953125000e+02,6.421533823013305664e-01
6.407335996627807617e-01,1.727695770263671875e+02,5.985094308853149414e-01
3.411796689033508301e-01,9.380863952636718750e+01,6.287184953689575195e-01
1.563482582569122314e-01,1.071695709228515625e+02,6.601740121841430664e-01
7.507470846176147461e-01,2.035088195800781250e+02,5.901079177856445312e-01
9.538775086402893066e-01,5.436518478393554688e+01,6.349715590476989746e-01
8.122102022171020508e-01,1.246502227783203125e+02,8.512013554573059082e-01
6.560946702957153320e-01,1.887170104980468750e+02,8.040249347686767578e-01
2.893375456333160400e-01,1.782392578125000000e+02,8.628917932510375977e-01
3.743930459022521973e-01,6.555581665039062500e+01,6.318904757499694824e-01
2.523425519466400146e-01,1.872813720703125000e+02,6.302824020385742188e-01
3.012844324111938477e-01,1.833105621337890625e+02,7.704747915267944336e-01
7.080135345458984375e-01,2.320914459228515625e+02,5.245795249938964844e-01
8.384097814559936523e-01,1.684361419677734375e+02,9.081201553344726562e-01
8.119831085205078125e-01,5.864458847045898438e+01,6.937876343727111816e-01
2.927008271217346191e-01,9.727361297607421875e+01,9.479668140411376953e-01
6.203153133392333984e-01,2.699856567382812500e+01,5.064383149147033691e-01
4.269817471504211426e-02,6.744793701171875000e+01,8.681289553642272949e-01
8.609123229980468750e-01,1.905504760742187500e+02,5.947794318199157715e-01
2.483266294002532959e-01,1.850608520507812500e+02,7.366536855697631836e-01
-6.630337238311767925e-03,1.632270050048828125e+02,6.829744577407836914e-01
2.234796285629272461e-01,4.122030258178710938e+01,5.841506123542785645e-01
1.597134470939636230e-01,1.388885345458984375e+02,7.774940729141235352e-01
5.994889736175537109e-01,2.059549102783203125e+02,8.871297836303710938e-01
1.730978488922119141e-02,1.421261749267578125e+02,6.238835453987121582e-01
8.537201881408691406e-01,1.308565979003906250e+02,7.371069192886352539e-01
6.429451704025268555e-01,1.305748291015625000e+02,7.074226737022399902e-01
4.683911800384521484e-03,7.127534484863281250e+01,6.242865324020385742e-01
8.018723726272583008e-01,2.159720001220703125e+02,5.793852806091308594e-01
8.181991577148437500e-01,5.302229690551757812e+01,6.810691356658935547e-01
3.925325274467468262e-01,2.712050247192382812e+01,6.425505280494689941e-01
7.890930175781250000e-01,1.584257965087890625e+02,8.557505607604980469e-01
7.152250409126281738e-01,1.714173126220703125e+02,6.222457289695739746e-01
3.810164332389831543e-01,2.129920043945312500e+02,9.802526235580444336e-01
7.195305824279785156e-01,1.733209838867187500e+02,9.159555435180664062e-01
4.076198935508728027e-01,2.182065277099609375e+02,6.692777872085571289e-01
4.860639572143554688e-01,1.825430297851562500e+02,6.204316616058349609e-01
6.659984588623046875e-01,3.445069503784179688e+01,8.090427517890930176e-01
6.460784077644348145e-01,8.172228240966796875e+01,8.868091106414794922e-01
8.710291981697082520e-02,8.590535736083984375e+01,7.762317657470703125e-01
2.148529291152954102e-01,4.153602218627929688e+01,8.180479407310485840e-01
2.547966837882995605e-01,1.370664215087890625e+02,6.172644495964050293e-01
5.728961825370788574e-01,2.029798889160156250e+02,7.984416484832763672e-01
6.186625957489013672e-01,1.287587127685546875e+02,6.482234001159667969e-01
6.510620713233947754e-01,2.036059570312500000e+02,8.036406040191650391e-01
5.769973397254943848e-01,2.155847015380859375e+02,6.072333455085754395e-01
9.908047318458557129e-02,7.733909606933593750e+01,9.260164499282836914e-01
1.475430727005004883e-01,2.143456878662109375e+02,5.427205562591552734e-01
7.752686738967895508e-01,1.157898178100585938e+02,7.333123087882995605e-01
2.251966297626495361e-01,5.360756301879882812e+01,7.784085273742675781e-01
8.853523731231689453e-01,2.060365905761718750e+02,9.695814251899719238e-01
6.786494255065917969e-01,1.689119720458984375e+02,9.931733608245849609e-01
7.322707772254943848e-01,2.260076293945312500e+02,5.293654799461364746e-01
4.655212163925170898e-02,2.173337402343750000e+02,6.609608530998229980e-01
5.969923138618469238e-01,1.782633819580078125e+02,8.431249856948852539e-01
1.445213556289672852e-01,1.873449401855468750e+02,8.894768953323364258e-01
2.622485756874084473e-01,1.919889678955078125e+02,7.903433442115783691e-01
5.473601818084716797e-01,2.142707672119140625e+02,7.142478227615356445e-01
7.511479258537292480e-01,1.960422363281250000e+02,8.051291704177856445e-01
5.585134029388427734e-01,1.497319030761718750e+02,5.447477698326110840e-01
1.068239212036132812e-01,1.826597747802734375e+02,7.345839738845825195e-01
4.390963912010192871e-01,1.021781082153320312e+02,5.300301909446716309e-01
6.131502985954284668e-01,2.029281768798828125e+02,6.692738533020019531e-01
5.571616888046264648e-01,1.585976409912109375e+02,9.040101766586303711e-01
6.831291913986206055e-01,4.469312286376953125e+01,9.199955463409423828e-01
3.112656474113464355e-01,6.864279174804687500e+01,7.344369888305664062e-01
1.538070738315582275e-01,4.139801788330078125e+01,7.735505104064941406e-01
6.636072993278503418e-01,1.218595352172851562e+02,9.567770957946777344e-01
5.314431786537170410e-01,1.985094451904296875e+02,7.472419738769531250e-01
9.336595535278320312e-01,9.611705017089843750e+01,8.346858024597167969e-01
6.014657020568847656e-02,6.601717376708984375e+01,9.295874834060668945e-01
6.776236295700073242e-01,1.907029724121093750e+02,9.498040080070495605e-01
4.943677484989166260e-01,1.886157073974609375e+02,5.600851178169250488e-01
6.247868537902832031e-01,1.318413238525390625e+02,7.056802511215209961e-01
4.825462996959686279e-01,1.429790344238281250e+02,9.350310564041137695e-01
8.321573734283447266e-01,1.604960784912109375e+02,6.264019608497619629e-01
4.092642068862915039e-01,1.541699523925781250e+02,6.351593136787414551e-01
5.662905573844909668e-01,1.729235687255859375e+02,5.254361629486083984e-01
3.825886845588684082e-01,1.494066619873046875e+02,5.325617790222167969e-01
6.862450838088989258e-01,1.411477050781250000e+02,7.259865999221801758e-01
5.554984807968139648e-01,1.085381240844726562e+02,6.458763480186462402e-01
9.701284766197204590e-01,1.232885818481445312e+02,7.027686834335327148e-01
6.565191745758056641e-01,1.903131103515625000e+02,7.569204568862915039e-01
9.814351797103881836e-01,5.921490478515625000e+01,8.375545740127563477e-01
8.453779220581054688e-01,1.792352752685546875e+02,6.434393525123596191e-01
6.897824406623840332e-01,2.029543914794921875e+02,6.160198450088500977e-01
3.743656873703002930e-01,2.307234191894531250e+02,6.223107576370239258e-01
2.634710073471069336e-01,1.004972915649414062e+02,5.801304578781127930e-01
1.186231970787048340e-01,1.846625976562500000e+02,8.902653455734252930e-01
7.259036302566528320e-01,1.999229888916015625e+02,8.060442209243774414e-01
3.927014470100402832e-01,1.025592498779296875e+02,8.826905488967895508e-01
1.739741563796997070e-01,2.067725982666015625e+02,7.958459854125976562e-01
5.142565965652465820e-01,1.522248840332031250e+02,9.840627908706665039e-01
3.188602626323699951e-01,6.913986206054687500e+01,9.718699455261230469e-01
7.681012153625488281e-01,2.148043518066406250e+02,8.056346178054809570e-01
3.490189611911773682e-01,2.213278503417968750e+02,6.283500790596008301e-01
3.573732376098632812e-01,1.612453155517578125e+02,5.884831547737121582e-01
5.556366443634033203e-01,9.987722778320312500e+01,5.486830472946166992e-01
8.309658765792846680e-01,2.258579559326171875e+02,6.320077776908874512e-01
8.446904420852661133e-01,2.084447784423828125e+02,6.630207896232604980e-01
5.095542669296264648e-01,1.343539428710937500e+02,9.303482770919799805e-01
8.082978725433349609e-01,1.925234375000000000e+02,8.497066497802734375e-01
1.764748394489288330e-01,2.318218231201171875e+02,5.061981678009033203e-01
4.842232167720794678e-01,9.326677703857421875e+01,8.254100084304809570e-01
6.370320916175842285e-01,2.158729553222656250e+02,7.771131992340087891e-01
8.588309288024902344e-01,9.195033264160156250e+01,5.627065896987915039e-01
6.923816204071044922e-01,2.035195617675781250e+02,9.499142169952392578e-01
5.839141607284545898e-01,2.451457366943359375e+02,8.207116127014160156e-01
8.550223708152770996e-02,5.765604400634765625e+01,8.399784564971923828e-01
5.385234951972961426e-02,1.728036651611328125e+02,7.312959432601928711e-01
4.198380112648010254e-01,9.567230987548828125e+01,7.856229543685913086e-01
6.718770861625671387e-01,6.964907836914062500e+01,6.700994372367858887e-01
3.274391591548919678e-01,2.146738891601562500e+02,8.126980066299438477e-01
5.562403798103332520e-02,1.628910827636718750e+02,5.424830317497253418e-01
6.397877931594848633e-01,1.724326782226562500e+02,6.552968621253967285e-01
8.936403989791870117e-01,5.345935058593750000e+01,6.581938266754150391e-01
6.581653356552124023e-01,2.015131072998046875e+02,9.029340744018554688e-01
6.016830801963806152e-01,1.884764099121093750e+02,6.581900715827941895e-01
7.090522050857543945e-01,1.568097534179687500e+02,9.383625984191894531e-01
7.197103500366210938e-01,1.645115966796875000e+02,8.878188133239746094e-01
1.729160547256469727e-01,1.704904174804687500e+02,5.719544291496276855e-01
5.699956417083740234e-02,1.019964675903320312e+02,6.465819478034973145e-01
1.583199799060821533e-01,1.893609008789062500e+02,9.732503890991210938e-01
1.474598050117492676e-01,3.524591827392578125e+01,8.616997003555297852e-01
5.390008687973022461e-01,1.514698181152343750e+02,9.918742179870605469e-01
5.862111449241638184e-01,3.507226943969726562e+01,7.239005565643310547e-01
8.563811182975769043e-01,1.686971740722656250e+02,9.409535527229309082e-01
9.023816585540771484e-01,2.101523895263671875e+02,7.973675727844238281e-01
2.770870923995971680e-03,8.295872497558593750e+01,7.366200685501098633e-01
7.618376016616821289e-01,1.701338043212890625e+02,5.438830852508544922e-01
3.792281150817871094e-01,1.154468994140625000e+02,6.724511384963989258e-01
3.931950926780700684e-01,3.292496109008789062e+01,6.576639413833618164e-01
6.901181936264038086e-01,1.818474273681640625e+02,9.595886468887329102e-01
6.205325126647949219e-01,2.852733993530273438e+01,7.174639701843261719e-01
4.451867640018463135e-01,2.853840637207031250e+01,8.463674783706665039e-01
6.352347135543823242e-01,2.230084228515625000e+02,6.113061904907226562e-01
5.504047274589538574e-01,1.867778320312500000e+02,8.491656780242919922e-01
1.616856455802917480e-02,5.822332382202148438e+01,9.344353079795837402e-01
3.080087006092071533e-01,3.993095016479492188e+01,5.787249207496643066e-01
2.211049795150756836e-01,2.063951873779296875e+02,9.225109815597534180e-01
8.442509770393371582e-01,2.102915802001953125e+02,9.780196547508239746e-01
5.458379983901977539e-01,6.573072814941406250e+01,6.154807209968566895e-01
1.158258020877838135e-01,8.543834686279296875e+01,9.664841890335083008e-01
4.731417596340179443e-01,1.123216400146484375e+02,9.716416001319885254e-01
6.469162106513977051e-01,1.798053436279296875e+02,5.443531870841979980e-01
7.089422941207885742e-01,2.003176574707031250e+02,5.177506804466247559e-01
4.687919020652770996e-01,3.486463165283203125e+01,8.994811773300170898e-01
3.567253053188323975e-01,2.172132568359375000e+02,8.039870262145996094e-01
2.732828259468078613e-01,6.510720062255859375e+01,8.593009710311889648e-01
2.975503206253051758e-01,1.212281494140625000e+02,7.880656719207763672e-01
4.534205794334411621e-01,1.616625061035156250e+02,7.589561343193054199e-01
4.770250022411346436e-01,2.936984825134277344e+01,7.797758579254150391e-01
2.736102044582366943e-01,1.449643859863281250e+02,5.779523253440856934e-01
9.129090905189514160e-01,4.699086761474609375e+01,7.562803030014038086e-01
1.020989418029785156e-01,1.751110839843750000e+02,6.762172579765319824e-01
8.658242225646972656e-01,5.890376281738281250e+01,9.762871265411376953e-01
8.739917278289794922e-01,2.002014465332031250e+02,5.932704806327819824e-01
6.925901174545288086e-01,1.380219116210937500e+02,8.858090043067932129e-01
8.260073065757751465e-01,9.550724029541015625e+01,6.379443407058715820e-01
7.196907401084899902e-01,1.198002243041992188e+02,6.280547976493835449e-01
7.938835620880126953e-01,7.442407989501953125e+01,5.538880825042724609e-01
8.081282377243041992e-01,2.047401275634765625e+02,5.634075999259948730e-01
6.083325147628784180e-01,1.307586975097656250e+02,8.040192127227783203e-01
8.696454763412475586e-01,1.558152160644531250e+02,7.888419628143310547e-01
2.914392948150634766e-01,2.324423065185546875e+02,5.013214945793151855e-01
6.912235021591186523e-01,1.768895416259765625e+02,7.673696279525756836e-01
6.820085048675537109e-01,1.507813110351562500e+02,7.286603450775146484e-01
5.257177352905273438e-02,6.549472045898437500e+01,7.313459515571594238e-01
5.916082859039306641e-01,2.336600341796875000e+02,5.039240121841430664e-01
7.236683368682861328e-01,1.156686401367187500e+02,5.888826847076416016e-01
6.662011146545410156e-02,2.024661254882812500e+02,7.782107591629028320e-01
1.441078484058380127e-01,2.389501037597656250e+02,5.692712664604187012e-01
1.186657845973968506e-01,2.209593353271484375e+02,7.626958489418029785e-01
3.392553925514221191e-01,1.761553802490234375e+02,9.045805931091308594e-01
8.460646867752075195e-01,8.177291870117187500e+01,5.516309142112731934e-01
3.959768712520599365e-01,1.382369384765625000e+02,9.627468585968017578e-01
9.042644500732421875e-01,1.578765716552734375e+02,7.803763151168823242e-01
9.837014675140380859e-01,4.696991348266601562e+01,6.532145738601684570e-01
2.062081694602966309e-01,1.941745910644531250e+02,7.671489715576171875e-01
5.111896991729736328e-01,1.707788085937500000e+02,9.761552810668945312e-01
5.732022523880004883e-01,1.858672790527343750e+02,8.639618158340454102e-01
9.071500301361083984e-01,6.217063140869140625e+01,5.316407680511474609e-01
8.455479741096496582e-01,1.398080139160156250e+02,5.655005574226379395e-01
2.118586301803588867e-01,8.872612762451171875e+01,7.186115980148315430e-01
5.725994110107421875e-01,1.641349639892578125e+02,8.715165853500366211e-01
1.807898879051208496e-01,1.282378845214843750e+02,6.039173007011413574e-01
4.491660594940185547e-01,1.109676895141601562e+02,8.236032128334045410e-01
5.077894926071166992e-01,5.853884887695312500e+01,9.847637414932250977e-01
8.628758192062377930e-01,1.678792572021484375e+02,9.939329028129577637e-01
1.820757091045379639e-01,4.186534881591796875e+01,5.709464550018310547e-01
5.823146104812622070e-01,1.712289428710937500e+02,8.859534263610839844e-01
7.629601359367370605e-01,1.702439117431640625e+02,9.044917821884155273e-01
7.236819267272949219e-01,1.907860870361328125e+02,6.822140216827392578e-01
4.071588218212127686e-01,1.589283905029296875e+02,7.552809715270996094e-01
3.228881061077117920e-01,1.863750000000000000e+02,7.774026393890380859e-01
9.192780256271362305e-01,8.537686920166015625e+01,5.255956649780273438e-01
2.829732298851013184e-01,1.264436950683593750e+02,8.177471160888671875e-01
2.176182270050048828e-01,4.145029449462890625e+01,9.262790679931640625e-01
4.641129672527313232e-01,8.778277587890625000e+01,7.766311168670654297e-01
-2.730113267898559831e-03,1.150452423095703125e+02,9.649740457534790039e-01
4.185439944267272949e-01,2.343630523681640625e+02,5.371524691581726074e-01
4.284824728965759277e-01,1.405065765380859375e+02,9.059715270996093750e-01
6.762599945068359375e-01,1.386349029541015625e+02,9.401850104331970215e-01
5.696054100990295410e-01,1.936015014648437500e+02,6.258589029312133789e-01
8.857557773590087891e-01,2.057520599365234375e+02,8.946902751922607422e-01
5.360357165336608887e-01,2.216035156250000000e+02,6.483922600746154785e-01
4.055129289627075195e-01,4.217176437377929688e+01,8.456107974052429199e-01
6.765321493148803711e-01,1.511173858642578125e+02,8.090413212776184082e-01
7.593650817871093750e-01,1.672029724121093750e+02,5.495501756668090820e-01
6.732305884361267090e-01,1.636397094726562500e+02,7.245118618011474609e-01
2.742871046066284180e-01,2.724288749694824219e+01,5.572034120559692383e-01
8.370462059974670410e-01,5.850129699707031250e+01,6.273567676544189453e-01
1.760809123516082764e-01,8.643582153320312500e+01,9.450576901435852051e-01
7.793588638305664062e-01,2.379115447998046875e+02,7.435430288314819336e-01
6.986005306243896484e-01,1.791271667480468750e+02,8.253388404846191406e-01
1.222431361675262451e-01,1.649753112792968750e+02,8.217143416404724121e-01
1.131536364555358887e-01,2.476800689697265625e+02,9.217178821563720703e-01
5.803552269935607910e-01,8.651760864257812500e+01,8.928523063659667969e-01
5.020051598548889160e-01,5.032891464233398438e+01,6.126610636711120605e-01
7.734931707382202148e-01,1.343270263671875000e+02,5.270373225212097168e-01
5.358119010925292969e-01,1.778206024169921875e+02,7.795870900154113770e-01
2.574248611927032471e-01,1.244016571044921875e+02,8.824156522750854492e-01
3.259100019931793213e-01,2.236110992431640625e+02,8.299263715744018555e-01
1.146942675113677979e-01,9.167668914794921875e+01,5.617001056671142578e-01
6.834030151367187500e-02,4.995759201049804688e+01,9.165034294128417969e-01
4.375179708003997803e-01,1.044426040649414062e+02,7.648930549621582031e-01
9.924550652503967285e-01,1.923042297363281250e+02,7.263394594192504883e-01
9.784482717514038086e-01,4.738649368286132812e+01,7.871731519699096680e-01
3.300373852252960205e-01,7.367388153076171875e+01,8.329772353172302246e-01
4.484705030918121338e-01,1.791870574951171875e+02,8.339817523956298828e-01
8.517202734947204590e-01,2.080057830810546875e+02,5.416698455810546875e-01
6.916776895523071289e-01,1.742224731445312500e+02,8.547463417053222656e-01
3.934670090675354004e-01,7.471083068847656250e+01,7.397661209106445312e-01
9.027758836746215820e-01,2.064817657470703125e+02,7.673826813697814941e-01
1.126715838909149170e-01,1.518238677978515625e+02,9.005606770515441895e-01
6.112979650497436523e-01,3.343613433837890625e+01,9.801470041275024414e-01
8.930413126945495605e-01,7.846487426757812500e+01,6.141647100448608398e-01
8.113613128662109375e-01,2.106859588623046875e+02,6.905893087387084961e-01
4.178759455680847168e-01,1.903127593994140625e+02,8.498147726058959961e-01
5.526638627052307129e-01,1.795470428466796875e+02,8.980451822280883789e-01
6.923165917396545410e-01,9.167176818847656250e+01,7.013438940048217773e-01
9.689399003982543945e-01,3.932051086425781250e+01,5.712941884994506836e-01
4.550863504409790039e-01,1.107379684448242188e+02,8.078460693359375000e-01
4.970374703407287598e-02,2.092036132812500000e+02,9.004832506179809570e-01
2.961896061897277832e-01,6.469836425781250000e+01,6.458665132522583008e-01
5.946007370948791504e-01,1.763597106933593750e+02,5.595304965972900391e-01
1.810278892517089844e-01,2.368836517333984375e+02,6.065609455108642578e-01
8.336341381072998047e-01,2.172543487548828125e+02,8.971073031425476074e-01
3.039484620094299316e-01,2.131585235595703125e+02,8.296036720275878906e-01
3.685215115547180176e-02,2.235219268798828125e+02,9.888665676116943359e-01
8.353742957115173340e-02,6.898203277587890625e+01,9.230896234512329102e-01
4.803029000759124756e-01,1.002073974609375000e+02,9.822987914085388184e-01
1.076574325561523438e-01,1.652139129638671875e+02,7.172222137451171875e-01
7.861645221710205078e-01,1.033208923339843750e+02,5.453307032585144043e-01
6.317332983016967773e-01,2.042664489746093750e+02,8.678810596466064453e-01
7.256107330322265625e-01,1.655317382812500000e+02,8.843635320663452148e-01
3.325879573822021484e-02,2.118898010253906250e+02,9.135202169418334961e-01
3.040846586227416992e-01,1.718000946044921875e+02,5.270816683769226074e-01
5.726953744888305664e-01,2.301571044921875000e+02,5.352815389633178711e-01
7.194740176200866699e-01,1.422773132324218750e+02,6.489539146423339844e-01
3.253039419651031494e-01,1.079461822509765625e+02,9.460689425468444824e-01
6.489221453666687012e-01,4.311627960205078125e+01,8.984522819519042969e-01
8.212621212005615234e-01,2.047937164306640625e+02,5.644684433937072754e-01
9.205514192581176758e-02,7.904704284667968750e+01,8.444629907608032227e-01
2.876193523406982422e-01,5.800081634521484375e+01,7.431423068046569824e-01
5.816500186920166016e-01,1.572396850585937500e+02,8.089351654052734375e-01
1.420126855373382568e-01,2.224390411376953125e+02,9.691187143325805664e-01
2.336077392101287842e-01,1.896614837646484375e+02,5.594183802604675293e-01
4.925335645675659180e-01,9.046037292480468750e+01,9.740583896636962891e-01
5.773789882659912109e-01,1.817003479003906250e+02,8.686438202857971191e-01
7.853254079818725586e-01,2.137339782714843750e+02,6.372182369232177734e-01
2.301481962203979492e-01,2.221216583251953125e+02,5.370149016380310059e-01
7.720419764518737793e-01,1.297851409912109375e+02,6.944378018379211426e-01
5.281350612640380859e-01,2.158338012695312500e+02,9.612395167350769043e-01
6.099240779876708984e-01,1.665622863769531250e+02,5.268045067787170410e-01
6.618307828903198242e-01,3.971327590942382812e+01,6.904658675193786621e-01
2.972957193851470947e-01,2.069790954589843750e+02,6.303782463073730469e-01
-2.557134628295898784e-03,7.705023956298828125e+01,8.537470102310180664e-01
8.809498548507690430e-01,3.469524765014648438e+01,5.191330313682556152e-01
3.882557153701782227e-01,1.795900268554687500e+02,6.235663294792175293e-01
5.799828171730041504e-01,1.397362365722656250e+02,6.062854528427124023e-01
8.244321942329406738e-01,1.552531738281250000e+02,5.171948075294494629e-01
7.944923639297485352e-01,1.490380249023437500e+02,8.840332031250000000e-01
8.237227201461791992e-01,5.665061187744140625e+01,6.514198780059814453e-01
6.730241179466247559e-01,1.920018615722656250e+02,9.194783568382263184e-01
6.623771190643310547e-01,1.488562622070312500e+02,9.965734481811523438e-01
9.534674882888793945e-01,5.127591705322265625e+01,5.230801701545715332e-01
4.313259422779083252e-01,2.329663085937500000e+02,5.259261131286621094e-01
6.467782855033874512e-01,1.586066589355468750e+02,8.347637653350830078e-01
7.657206058502197266e-01,2.107577972412109375e+02,7.994153499603271484e-01
4.744225442409515381e-01,3.292288589477539062e+01,8.160451650619506836e-01
5.120476484298706055e-01,9.003886413574218750e+01,5.862709283828735352e-01
4.466645419597625732e-01,1.517178344726562500e+02,5.560069680213928223e-01
5.162220597267150879e-01,1.870341491699218750e+02,8.944545388221740723e-01
5.872221589088439941e-01,2.339485626220703125e+02,8.777809143066406250e-01
6.054527759552001953e-01,2.312015838623046875e+02,6.287984848022460938e-01
4.442316889762878418e-01,1.262081222534179688e+02,7.655259370803833008e-01
5.567492842674255371e-01,1.672082672119140625e+02,5.169141292572021484e-01
6.509242057800292969e-01,1.685089874267578125e+02,8.837616443634033203e-01
4.254255294799804688e-01,4.697328567504882812e+01,6.791792511940002441e-01
8.420107364654541016e-01,9.670195007324218750e+01,7.214789390563964844e-01
3.079614043235778809e-01,5.651583862304687500e+01,9.871306419372558594e-01
4.945330023765563965e-01,8.567845153808593750e+01,8.724563717842102051e-01
2.630041837692260742e-01,1.288022308349609375e+02,7.421184182167053223e-01
2.845874428749084473e-02,7.652169036865234375e+01,5.288604497909545898e-01
2.141907811164855957e-02,2.452990722656250000e+02,5.336858034133911133e-01
5.576881766319274902e-02,2.160004272460937500e+02,7.313346862792968750e-01
2.169776856899261475e-01,5.749493026733398438e+01,6.407890319824218750e-01
2.587038874626159668e-01,1.485146484375000000e+02,7.167438268661499023e-01
8.150103688240051270e-01,5.654702758789062500e+01,6.178655028343200684e-01
2.944436669349670410e-01,1.567732391357421875e+02,5.169096589088439941e-01
4.180738925933837891e-01,1.983045654296875000e+02,7.115300893783569336e-01
6.692165136337280273e-01,1.557483978271484375e+02,8.827071785926818848e-01
3.197069764137268066e-01,1.104712600708007812e+02,7.443346977233886719e-01
5.448113679885864258e-01,2.057021179199218750e+02,5.743785500526428223e-01
7.382687926292419434e-01,1.449825134277343750e+02,8.526911735534667969e-01
2.959820628166198730e-01,1.865822143554687500e+02,5.655996799468994141e-01
4.681488275527954102e-01,1.895914001464843750e+02,9.085494279861450195e-01
6.845188140869140625e-01,2.061825408935546875e+02,7.664719223976135254e-01
9.401873946189880371e-01,1.545132751464843750e+02,8.529503345489501953e-01
5.093748569488525391e-01,6.267036437988281250e+01,6.052792668342590332e-01
4.804027974605560303e-01,1.883584594726562500e+02,6.473808288574218750e-01
7.805860042572021484e-01,1.574007415771484375e+02,8.931559324264526367e-01
8.218247294425964355e-01,1.833673858642578125e+02,5.433253645896911621e-01
5.445162653923034668e-01,1.796339263916015625e+02,9.436202049255371094e-01
6.966356039047241211e-01,2.200236663818359375e+02,6.673613786697387695e-01
2.827216386795043945e-01,1.170000457763671875e+02,6.587486863136291504e-01
8.279042243957519531e-01,1.595200195312500000e+02,8.964471220970153809e-01
6.815065145492553711e-01,2.119376068115234375e+02,6.108766198158264160e-01
6.386396288871765137e-02,7.662801361083984375e+01,6.219436526298522949e-01
6.705129146575927734e-02,2.100318145751953125e+02,7.026567459106445312e-01
1.902078986167907715e-01,1.905854187011718750e+02,9.084979295730590820e-01
9.545643329620361328e-01,1.976180725097656250e+02,6.216729879379272461e-01
7.810438871383666992e-01,1.451148071289062500e+02,6.966834664344787598e-01
7.877576351165771484e-01,2.948479270935058594e+01,9.052290916442871094e-01
4.024117290973663330e-01,2.155021362304687500e+02,7.400320172309875488e-01
2.221236228942871094e-01,2.148482055664062500e+02,8.907743096351623535e-01
7.237848043441772461e-01,1.467903289794921875e+02,8.177111148834228516e-01
4.018624126911163330e-01,2.079227752685546875e+02,7.784520387649536133e-01
5.700719952583312988e-01,8.471241760253906250e+01,7.965129613876342773e-01
1.100427210330963135e-01,1.554895782470703125e+02,9.735376834869384766e-01
8.806766271591186523e-01,1.211538314819335938e+02,6.091818809509277344e-01
4.668893218040466309e-01,7.080130767822265625e+01,9.047572612762451172e-01
7.009036540985107422e-01,1.841961975097656250e+02,7.526451349258422852e-01
7.192206382751464844e-01,1.574152984619140625e+02,6.641334295272827148e-01
1.818422079086303711e-01,1.400466918945312500e+02,9.513015747070312500e-01
4.716275930404663086e-01,1.529946746826171875e+02,8.901811838150024414e-01
6.916372179985046387e-01,1.967121429443359375e+02,6.994056701660156250e-01
2.766813933849334717e-01,1.673087005615234375e+02,9.097837209701538086e-01
7.903012633323669434e-01,1.472557525634765625e+02,7.881858944892883301e-01
7.456783652305603027e-01,1.459677886962890625e+02,9.057765603065490723e-01
1.334256827831268311e-01,1.574821014404296875e+02,7.298586964607238770e-01
2.644309401512145996e-01,9.604241943359375000e+01,8.506916761398315430e-01
5.238168239593505859e-01,1.968027191162109375e+02,7.728551030158996582e-01
8.947123289108276367e-01,1.196873168945312500e+02,9.532546997070312500e-01
7.386696338653564453e-02,2.230333709716796875e+02,5.953304767608642578e-01
2.509201765060424805e-01,2.031023101806640625e+02,9.148426651954650879e-01
3.716081380844116211e-02,7.308816528320312500e+01,8.787106275558471680e-01
4.190608859062194824e-01,1.041918182373046875e+02,5.201633572578430176e-01
6.480234265327453613e-01,1.551067199707031250e+02,9.412667751312255859e-01
2.896738052368164062e-02,3.335192108154296875e+01,6.380811333656311035e-01
5.005366802215576172e-01,1.959423675537109375e+02,8.502576351165771484e-01
5.196081995964050293e-01,1.028347091674804688e+02,5.741212964057922363e-01
8.101761341094970703e-01,1.896532897949218750e+02,9.411009550094604492e-01
3.014065027236938477e-01,6.344349288940429688e+01,5.904176235198974609e-01
4.898874759674072266e-01,1.699225769042968750e+02,8.397552967071533203e-01
7.202081680297851562e-01,2.063751373291015625e+02,6.722766160964965820e-01
9.616909027099609375e-01,7.935589599609375000e+01,8.283232450485229492e-01
6.977707147598266602e-01,2.111711273193359375e+02,6.612716913223266602e-01
5.802734494209289551e-01,1.987932586669921875e+02,5.774469971656799316e-01
1.579436361789703369e-01,4.826765441894531250e+01,6.441023945808410645e-01
5.546343326568603516e-01,1.700813446044921875e+02,9.373703002929687500e-01
8.048382401466369629e-01,2.242875213623046875e+02,5.471396446228027344e-01
6.958582401275634766e-01,1.660111083984375000e+02,5.453758835792541504e-01
2.756146192550659180e-01,1.942779998779296875e+02,6.335440874099731445e-01
5.949559211730957031e-01,1.906321105957031250e+02,6.398925781250000000e-01
5.469376444816589355e-01,1.047913513183593750e+02,9.224284887313842773e-01
3.011043369770050049e-01,1.979248962402343750e+02,9.763689637184143066e-01
6.753953099250793457e-01,3.891440963745117188e+01,6.794760227203369141e-01
6.597415208816528320e-01,1.907854156494140625e+02,9.692616462707519531e-01
2.143009006977081299e-01,2.314174804687500000e+02,5.083955526351928711e-01
8.767616748809814453e-02,1.101005249023437500e+02,8.378221988677978516e-01
9.676241874694824219e-01,2.416400146484375000e+02,5.184192061424255371e-01
3.225964307785034180e-01,1.463186645507812500e+02,8.568868637084960938e-01
4.472541511058807373e-01,1.831495056152343750e+02,6.607999205589294434e-01
7.533689737319946289e-01,1.404886016845703125e+02,5.142909884452819824e-01
4.336436390876770020e-01,1.877613067626953125e+02,8.918764591217041016e-01
4.492734670639038086e-01,2.231170654296875000e+02,5.369507074356079102e-01
6.987568140029907227e-01,2.093167266845703125e+02,5.056527256965637207e-01
8.394914269447326660e-01,1.691428375244140625e+02,8.147720694541931152e-01
6.619130373001098633e-01,1.110094909667968750e+02,9.024684429168701172e-01
7.563556432723999023e-01,1.756371459960937500e+02,7.562179565429687500e-01
8.390973210334777832e-01,6.838848114013671875e+01,8.886902928352355957e-01
3.568270206451416016e-01,1.787491302490234375e+02,5.311191082000732422e-01
8.630900382995605469e-01,2.273124389648437500e+02,6.993691325187683105e-01
1.137442290782928467e-01,2.871710968017578125e+01,9.227050542831420898e-01
3.527236878871917725e-01,2.094732360839843750e+02,9.753031730651855469e-01
7.356441617012023926e-01,1.867542419433593750e+02,8.721857666969299316e-01
3.362042307853698730e-01,1.176922302246093750e+02,8.551741838455200195e-01
6.790714263916015625e-01,2.219620971679687500e+02,5.257211923599243164e-01
1.194961369037628174e-01,5.648115158081054688e+01,5.157646536827087402e-01
5.042461156845092773e-01,1.924391784667968750e+02,9.850766062736511230e-01
3.915776908397674561e-01,6.374905776977539062e+01,8.143301010131835938e-01
2.633635103702545166e-01,1.087671203613281250e+02,9.098335504531860352e-01
7.579878568649291992e-01,1.957277069091796875e+02,5.478035211563110352e-01
6.060723662376403809e-01,1.925177612304687500e+02,9.713671207427978516e-01
6.205077767372131348e-01,1.017351608276367188e+02,7.089562416076660156e-01
1.235964894294738770e-01,5.003601837158203125e+01,8.436281085014343262e-01
4.022431969642639160e-01,2.280351562500000000e+02,5.868287682533264160e-01
8.628348112106323242e-01,2.092821197509765625e+02,5.899792313575744629e-01
1.187125146389007568e-01,9.774383544921875000e+01,5.525010824203491211e-01
4.073855280876159668e-01,3.170351600646972656e+01,5.212246775627136230e-01
5.179592370986938477e-01,1.201526870727539062e+02,8.017659187316894531e-01
3.746132254600524902e-01,1.217029876708984375e+02,8.941957950592041016e-01
4.521798491477966309e-01,6.711611938476562500e+01,8.908059597015380859e-01
3.459091782569885254e-01,4.766182708740234375e+01,8.757628202438354492e-01
6.085864305496215820e-01,2.295888671875000000e+02,6.042228341102600098e-01
8.679491281509399414e-01,7.788370513916015625e+01,6.744648218154907227e-01
4.361168146133422852e-01,1.975752258300781250e+02,9.055607318878173828e-01
2.736130356788635254e-01,1.482496795654296875e+02,8.259928226470947266e-01
4.489362239837646484e-01,1.257465896606445312e+02,8.363549709320068359e-01
1.344782114028930664e-01,1.145660247802734375e+02,8.566892147064208984e-01
9.359997510910034180e-02,4.681922912597656250e+01,8.740822076797485352e-01
4.998486936092376709e-01,9.193168640136718750e+01,8.078801035881042480e-01
4.834982156753540039e-01,2.204072113037109375e+02,9.702709913253784180e-01
1.521584987640380859e-01,1.713039398193359375e+02,9.477695226669311523e-01
1.021176576614379883e-01,2.325276641845703125e+02,9.740762114524841309e-01
3.546279072761535645e-01,1.196662292480468750e+02,7.141395807266235352e-01
6.845147013664245605e-01,1.966071166992187500e+02,9.304246902465820312e-01
8.532565832138061523e-01,1.055171737670898438e+02,6.029059290885925293e-01
8.571059703826904297e-01,6.475151062011718750e+01,6.161314845085144043e-01
4.273303151130676270e-01,5.105042648315429688e+01,9.466220140457153320e-01
9.925422072410583496e-02,9.490698242187500000e+01,5.184597373008728027e-01
6.097363233566284180e-01,2.262026062011718750e+02,6.946043968200683594e-01
3.873262107372283936e-01,7.408041381835937500e+01,9.622995853424072266e-01
9.126344919204711914e-01,2.069689788818359375e+02,6.220099925994873047e-01
1.148212552070617676e-01,1.775479431152343750e+02,6.249818801879882812e-01
4.197722673416137695e-01,5.012487030029296875e+01,6.914910674095153809e-01
4.817732572555541992e-01,1.860804595947265625e+02,7.906982898712158203e-01
6.597309708595275879e-01,1.984326477050781250e+02,9.845929145812988281e-01
8.453474044799804688e-01,1.953976135253906250e+02,9.338644742965698242e-01
7.773866653442382812e-01,1.899199981689453125e+02,5.896978378295898438e-01
1.503479480743408203e-01,1.680362854003906250e+02,6.083623766899108887e-01
-7.934767007827759830e-03,1.770075073242187500e+02,7.500216960906982422e-01
7.162113189697265625e-01,2.206540527343750000e+02,5.124852657318115234e-01
2.454943656921386719e-01,2.026110382080078125e+02,6.287171840667724609e-01
8.419433832168579102e-01,2.140812683105468750e+02,8.261026144027709961e-01
1.806750595569610596e-01,2.137421722412109375e+02,6.774646639823913574e-01
3.776720762252807617e-01,2.138855285644531250e+02,5.018638968467712402e-01
4.430654346942901611e-01,6.244758987426757812e+01,8.811994791030883789e-01
5.281288623809814453e-01,1.747046356201171875e+02,8.305531144142150879e-01
4.174945950508117676e-01,9.293396759033203125e+01,7.054267525672912598e-01
4.826642870903015137e-01,1.150655593872070312e+02,6.650922298431396484e-01
8.124139308929443359e-01,1.859689025878906250e+02,6.894727945327758789e-01
4.992131292819976807e-01,1.963478393554687500e+02,9.746309518814086914e-01
5.547204017639160156e-01,1.026984176635742188e+02,5.358572602272033691e-01
1.242365837097167969e-01,1.286760711669921875e+02,7.944996356964111328e-01
3.575547933578491211e-01,1.217291946411132812e+02,9.050464034080505371e-01
6.878480315208435059e-01,1.324978485107421875e+02,8.234971761703491211e-01
9.236649870872497559e-01,2.070105895996093750e+02,7.500100135803222656e-01
2.700687944889068604e-01,1.339623718261718750e+02,5.223588347434997559e-01
5.162060260772705078e-01,3.071617317199707031e+01,5.250176191329956055e-01
7.904744744300842285e-01,1.559307250976562500e+02,8.635272383689880371e-01
3.096757233142852783e-01,1.015471343994140625e+02,9.857591390609741211e-01
4.135286211967468262e-01,2.134889373779296875e+02,8.375591039657592773e-01
6.451017260551452637e-01,1.509320983886718750e+02,7.510035037994384766e-01
9.207645654678344727e-01,7.170698547363281250e+01,6.302508115768432617e-01
5.405381917953491211e-01,1.085621261596679688e+02,7.640483379364013672e-01
5.919061303138732910e-01,2.246946716308593750e+02,8.689830899238586426e-01
-3.672361373901367621e-04,9.340003204345703125e+01,7.987147569656372070e-01
8.051613569259643555e-01,1.057263488769531250e+02,6.361108422279357910e-01
9.738222360610961914e-01,8.112589263916015625e+01,6.906397342681884766e-01
4.937984943389892578e-01,2.049754791259765625e+02,6.318783760070800781e-01
7.581286430358886719e-01,1.713142089843750000e+02,5.641059279441833496e-01
3.679664433002471924e-01,1.817288513183593750e+02,9.277856349945068359e-01
2.104613184928894043e-01,1.895721130371093750e+02,7.688851356506347656e-01
3.664065599441528320e-01,1.906086120605468750e+02,6.615847349166870117e-01
-4.112184047698974826e-04,1.803275299072265625e+02,8.992305397987365723e-01
5.123819112777709961e-01,2.137893066406250000e+02,9.067931175231933594e-01
4.723896682262420654e-01,1.049212417602539062e+02,9.760135412216186523e-01
8.129537105560302734e-01,1.663432464599609375e+02,8.915147781372070312e-01
2.947093248367309570e-01,1.028467483520507812e+02,7.122634649276733398e-01
6.966850757598876953e-01,1.696097717285156250e+02,8.313019275665283203e-01
5.030133724212646484e-01,1.735695800781250000e+02,5.597361326217651367e-01
2.702811956405639648e-01,1.822694396972656250e+02,9.135741591453552246e-01
8.143533468246459961e-01,1.040530624389648438e+02,5.975670814514160156e-01
4.705033600330352783e-01,1.228268508911132812e+02,5.289105772972106934e-01
7.134144306182861328e-01,2.098587036132812500e+02,6.947610974311828613e-01
3.785815834999084473e-01,8.122735595703125000e+01,9.908656477928161621e-01
5.225872993469238281e-01,2.128271026611328125e+02,7.508389949798583984e-01
6.536868214607238770e-01,1.009009552001953125e+02,9.324879646301269531e-01
2.929453849792480469e-01,2.048573760986328125e+02,6.128271818161010742e-01
9.327909350395202637e-02,3.105899620056152344e+01,6.906131505966186523e-01
5.227431654930114746e-01,1.119267272949218750e+02,7.816537022590637207e-01
2.390911579132080078e-01,3.329528045654296875e+01,5.861502885818481445e-01
5.163203477859497070e-01,4.251010894775390625e+01,8.096508979797363281e-01
7.929325699806213379e-01,1.736177673339843750e+02,7.678310275077819824e-01
8.551467657089233398e-01,1.868163299560546875e+02,5.690828561782836914e-01
6.671465039253234863e-01,5.209493637084960938e+01,9.858449697494506836e-01
8.807163834571838379e-01,1.800578613281250000e+02,9.664134383201599121e-01
1.002321541309356689e-01,6.619947052001953125e+01,8.183244466781616211e-01
1.644121110439300537e-01,9.277584075927734375e+01,8.109706640243530273e-01
8.646547794342041016e-01,6.221663284301757812e+01,6.756984591484069824e-01
4.343048334121704102e-01,6.923812103271484375e+01,8.299735784530639648e-01
5.437985062599182129e-01,7.848641967773437500e+01,9.502407312393188477e-01
3.349877595901489258e-01,8.192254638671875000e+01,8.668382763862609863e-01
6.435641646385192871e-02,7.971623992919921875e+01,9.516255855560302734e-01
5.001690983772277832e-01,1.047964859008789062e+02,7.480740547180175781e-01
7.727000117301940918e-02,6.340413284301757812e+01,8.469927310943603516e-01
2.309937179088592529e-01,4.786886215209960938e+01,7.480956912040710449e-01
1.998091638088226318e-01,2.022647247314453125e+02,5.665247440338134766e-01
6.675810217857360840e-01,1.773741760253906250e+02,8.130880594253540039e-01
1.137425005435943604e-01,2.047803649902343750e+02,7.403743267059326172e-01
7.836484313011169434e-01,1.615948333740234375e+02,7.883535623550415039e-01
4.847598969936370850e-01,1.240040740966796875e+02,6.459927558898925781e-01
6.360161304473876953e-01,1.468039855957031250e+02,7.561818957328796387e-01
5.923771262168884277e-01,2.083355102539062500e+02,8.870845437049865723e-01
4.754653275012969971e-01,1.647122497558593750e+02,5.803495645523071289e-01
7.438105940818786621e-01,6.957238006591796875e+01,9.503411650657653809e-01
8.634714484214782715e-01,4.063414382934570312e+01,8.173242211341857910e-01
8.646639585494995117e-01,8.360995483398437500e+01,9.001914262771606445e-01
2.322233617305755615e-01,1.489051666259765625e+02,9.301514625549316406e-01
5.538561940193176270e-01,1.563748016357421875e+02,5.084785819053649902e-01
3.331580758094787598e-02,4.253726959228515625e+01,6.670624017715454102e-01
2.152663767337799072e-01,5.456161499023437500e+01,6.078468561172485352e-01
3.592116236686706543e-01,1.724462280273437500e+02,8.522852659225463867e-01
1.297826766967773438e-01,1.964675903320312500e+02,8.235510587692260742e-01
8.890494704246520996e-01,2.691555976867675781e+01,6.976990103721618652e-01
3.444780707359313965e-01,4.766753005981445312e+01,6.694735884666442871e-01
7.055436372756958008e-01,3.698105621337890625e+01,9.177974462509155273e-01
3.273027241230010986e-01,1.302341308593750000e+02,9.390811920166015625e-01
9.038535356521606445e-01,1.728860015869140625e+02,9.305056929588317871e-01
3.855383694171905518e-01,1.872060546875000000e+02,6.397654414176940918e-01
5.414885878562927246e-01,3.654850006103515625e+01,8.998675346374511719e-01
8.284039497375488281e-01,1.735373992919921875e+02,8.625086545944213867e-01
9.155619144439697266e-02,7.495235443115234375e+01,7.425373196601867676e-01
9.671846032142639160e-02,8.929028320312500000e+01,5.928864479064941406e-01
5.565184354782104492e-01,1.944658966064453125e+02,7.996039390563964844e-01
8.459383249282836914e-01,9.701658630371093750e+01,7.224255800247192383e-01
5.983738899230957031e-01,5.427960586547851562e+01,5.431725382804870605e-01
2.679863572120666504e-01,2.016155548095703125e+02,6.811183094978332520e-01
4.866640269756317139e-01,1.329647674560546875e+02,7.273379564285278320e-01
7.929301261901855469e-02,1.283806152343750000e+02,5.744882822036743164e-01
1.566919386386871338e-01,1.449889373779296875e+02,8.297902345657348633e-01
8.099483251571655273e-01,1.430142669677734375e+02,9.389973282814025879e-01
3.598358035087585449e-01,1.406964874267578125e+02,8.694291114807128906e-01
5.552547574043273926e-01,1.864002380371093750e+02,8.216644525527954102e-01
4.792344272136688232e-01,1.511248931884765625e+02,5.626257658004760742e-01
1.582809984683990479e-01,3.594348526000976562e+01,6.696324348449707031e-01
4.073319435119628906e-01,8.779512023925781250e+01,5.511028170585632324e-01
8.785181045532226562e-01,2.108080749511718750e+02,7.136489152908325195e-01
3.465799391269683838e-01,9.596614074707031250e+01,7.070744633674621582e-01
6.381454467773437500e-01,2.233845062255859375e+02,5.049585103988647461e-01
5.779876708984375000e-01,6.253953933715820312e+01,7.243766784667968750e-01
2.997275888919830322e-01,1.939922790527343750e+02,6.268545389175415039e-01
9.230380058288574219e-01,8.960144805908203125e+01,5.293470621109008789e-01
4.622598886489868164e-01,3.371112060546875000e+01,7.993792295455932617e-01
7.926855087280273438e-01,8.124472045898437500e+01,6.820892095565795898e-01
1.255606710910797119e-01,1.049837188720703125e+02,9.053065776824951172e-01
1.841648519039154053e-01,2.838167572021484375e+01,6.213688850402832031e-01
3.938785195350646973e-01,1.027506484985351562e+02,5.031187534332275391e-01
1.822602450847625732e-01,2.912574386596679688e+01,8.117880821228027344e-01
8.741472959518432617e-01,1.687219543457031250e+02,5.577199459075927734e-01
3.642876446247100830e-01,7.836565399169921875e+01,7.943212985992431641e-01
6.693961024284362793e-01,1.328647155761718750e+02,7.750036120414733887e-01
4.802271127700805664e-01,1.276903915405273438e+02,9.052918553352355957e-01
6.758412718772888184e-02,5.107089614868164062e+01,7.369245886802673340e-01
5.686697959899902344e-01,1.974981994628906250e+02,6.075724363327026367e-01
2.094453573226928711e-02,1.820682220458984375e+02,8.807150125503540039e-01
6.083152294158935547e-01,1.926259460449218750e+02,6.175801753997802734e-01
5.651199817657470703e-01,9.866006469726562500e+01,9.395196437835693359e-01
8.912609815597534180e-01,1.483268737792968750e+02,9.146258234977722168e-01
6.728445887565612793e-01,1.316773529052734375e+02,7.151703834533691406e-01
9.724520444869995117e-01,1.379827423095703125e+02,7.267120480537414551e-01
8.617538213729858398e-01,1.587667999267578125e+02,9.019181728363037109e-01
6.376743316650390625e-01,2.166896972656250000e+02,5.894168019294738770e-01
8.911776542663574219e-01,2.027585449218750000e+02,9.276503324508666992e-01
6.510313749313354492e-01,3.403259658813476562e+01,6.248242855072021484e-01
6.509782075881958008e-01,1.978296661376953125e+02,8.760427236557006836e-01
7.276960015296936035e-01,1.472658081054687500e+02,7.299779057502746582e-01
8.141558170318603516e-01,1.943544006347656250e+02,5.122029185295104980e-01
4.730421900749206543e-01,1.576651458740234375e+02,8.311057090759277344e-01
5.726411342620849609e-01,1.904055480957031250e+02,8.984850645065307617e-01
6.020503640174865723e-01,1.861256256103515625e+02,9.403626322746276855e-01
1.349064707756042480e-02,8.525110626220703125e+01,9.204013347625732422e-01
3.598846197128295898e-01,8.696249389648437500e+01,5.399127006530761719e-01
4.021981358528137207e-01,6.233325958251953125e+01,8.152774572372436523e-01
2.597602903842926025e-01,1.010657882690429688e+02,7.099975347518920898e-01
6.472319960594177246e-01,1.487065734863281250e+02,6.874982118606567383e-01
9.997403025627136230e-01,1.437732391357421875e+02,9.895231127738952637e-01
3.416654169559478760e-01,1.325064239501953125e+02,8.386478424072265625e-01
8.826048374176025391e-01,7.583679962158203125e+01,6.775658726692199707e-01
2.812334597110748291e-01,7.263917541503906250e+01,6.284325122833251953e-01
2.973138689994812012e-01,6.242975234985351562e+01,7.734258174896240234e-01
3.673269748687744141e-01,4.600597000122070312e+01,5.505919456481933594e-01
6.827900409698486328e-01,2.700941467285156250e+01,8.393495082855224609e-01
7.859436273574829102e-01,2.539048767089843750e+01,9.764486551284790039e-01
6.683468818664550781e-01,1.538763275146484375e+02,7.291423082351684570e-01
8.288030624389648438e-01,1.950317230224609375e+02,8.208309412002563477e-01
8.746027946472167969e-01,1.972417907714843750e+02,9.105079770088195801e-01
2.289005815982818604e-01,6.800055694580078125e+01,5.521697998046875000e-01
2.014753818511962891e-01,5.288438796997070312e+01,6.771945953369140625e-01
5.481055974960327148e-01,9.496755981445312500e+01,8.101696968078613281e-01
5.431126952171325684e-01,1.555306549072265625e+02,5.344157814979553223e-01
5.079740881919860840e-01,1.671075134277343750e+02,9.022715091705322266e-01
8.336845040321350098e-02,4.807637023925781250e+01,8.233682513236999512e-01
2.017410397529602051e-01,2.040856781005859375e+02,8.040390014648437500e-01
7.994120717048645020e-01,1.561677856445312500e+02,7.359275817871093750e-01
7.890731096267700195e-01,1.919271087646484375e+02,5.464461445808410645e-01
5.709480047225952148e-01,1.983108062744140625e+02,6.579784154891967773e-01
6.839871406555175781e-01,1.817802124023437500e+02,9.703873395919799805e-01
4.335259795188903809e-01,1.310908966064453125e+02,6.099579930305480957e-01
2.169964611530303955e-01,1.244363861083984375e+02,8.398412466049194336e-01
6.957989335060119629e-01,9.829541778564453125e+01,5.392624139785766602e-01
8.438656330108642578e-01,1.658431396484375000e+02,7.707400321960449219e-01
6.179285049438476562e-01,9.942627716064453125e+01,9.913451671600341797e-01
5.550203323364257812e-01,1.358356781005859375e+02,9.283047914505004883e-01
6.458055973052978516e-01,1.801770477294921875e+02,7.757481336593627930e-01
4.630866646766662598e-02,5.775222396850585938e+01,6.086896657943725586e-01
1.636765301227569580e-01,2.841305351257324219e+01,5.276027321815490723e-01
7.019675970077514648e-01,9.207227325439453125e+01,5.806848406791687012e-01
5.305347442626953125e-01,1.724336547851562500e+02,9.461273550987243652e-01
7.801138758659362793e-01,2.086258544921875000e+02,8.753848075866699219e-01
8.728698492050170898e-01,1.122848205566406250e+02,6.955425739288330078e-01
6.321834921836853027e-01,8.379272460937500000e+01,9.285112023353576660e-01
3.670188486576080322e-01,1.816357269287109375e+02,6.869632005691528320e-01
7.202107906341552734e-01,3.435197067260742188e+01,8.100472688674926758e-01
7.993443012237548828e-01,1.080495834350585938e+02,5.533730387687683105e-01
4.312937259674072266e-01,1.920362091064453125e+02,7.810496091842651367e-01
5.926055908203125000e-01,4.594920730590820312e+01,9.341821670532226562e-01
3.180469274520874023e-01,1.844700622558593750e+02,7.666828632354736328e-01
7.606127858161926270e-01,1.647883453369140625e+02,8.645165562629699707e-01
3.900866806507110596e-01,1.668217163085937500e+02,8.286839127540588379e-01
5.939983129501342773e-01,2.049480590820312500e+02,8.152326345443725586e-01
6.723583340644836426e-01,5.027331924438476562e+01,5.993262529373168945e-01
3.317599892616271973e-01,1.033075332641601562e+02,8.656685352325439453e-01
-3.993916511535644705e-03,5.913700485229492188e+01,7.212429046630859375e-01
-4.713302850723266949e-03,1.544658660888671875e+02,6.646694540977478027e-01
5.473567843437194824e-01,2.230012817382812500e+02,7.769093513488769531e-01
-9.717583656311036024e-04,4.502707672119140625e+01,7.303453087806701660e-01
8.345756530761718750e-01,1.549979858398437500e+02,9.443640708923339844e-01
7.629740238189697266e-01,2.195451049804687500e+02,5.713168382644653320e-01
8.310892581939697266e-01,2.195814056396484375e+02,5.455281138420104980e-01
2.257472276687622070e-01,2.241098480224609375e+02,8.863976597785949707e-01
5.380600690841674805e-01,2.019865570068359375e+02,8.026498556137084961e-01
8.325827121734619141e-01,1.498841552734375000e+02,9.741637706756591797e-01
1.449123322963714600e-01,2.176231536865234375e+02,9.139448404312133789e-01
2.949427366256713867e-01,5.246091079711914062e+01,9.517062902450561523e-01
2.377587258815765381e-01,1.422669525146484375e+02,6.628844141960144043e-01
3.802018761634826660e-01,7.395523071289062500e+01,5.273768901824951172e-01
4.530493021011352539e-01,1.938595123291015625e+02,6.235389709472656250e-01
8.708802461624145508e-01,5.804998397827148438e+01,6.862582564353942871e-01
4.839441478252410889e-01,1.938588409423828125e+02,9.709588289260864258e-01
8.221448063850402832e-01,1.482242431640625000e+02,9.213582873344421387e-01
5.941114425659179688e-01,1.013952713012695312e+02,6.880764365196228027e-01
3.585200309753417969e-01,4.731669616699218750e+01,7.664084434509277344e-01
6.003129482269287109e-02,1.381004180908203125e+02,8.249402046203613281e-01
5.610125660896301270e-01,2.426611785888671875e+02,8.939961791038513184e-01
4.877198040485382080e-01,5.153890228271484375e+01,6.118971705436706543e-01
1.616928577423095703e-01,2.050903930664062500e+02,9.535093307495117188e-01
4.183586239814758301e-01,2.121326293945312500e+02,7.180066704750061035e-01
6.845578551292419434e-01,1.980348815917968750e+02,6.277070045471191406e-01
-1.935768127441406423e-03,1.431640167236328125e+02,9.948533773422241211e-01
6.706299185752868652e-01,1.346156311035156250e+02,6.482145786285400391e-01
5.479274988174438477e-01,1.524212036132812500e+02,5.354183316230773926e-01
5.083597898483276367e-01,1.695898590087890625e+02,6.111032962799072266e-01
4.139142334461212158e-01,8.486320495605468750e+01,5.160697698593139648e-01
3.773682415485382080e-01,7.902986145019531250e+01,9.247760772705078125e-01
4.474277496337890625e-01,1.604773864746093750e+02,8.464751839637756348e-01
3.565515875816345215e-01,1.661571502685546875e+02,9.922710657119750977e-01
2.118246555328369141e-01,1.159704132080078125e+02,9.222879409790039062e-01
4.719707667827606201e-01,1.947763977050781250e+02,6.667078733444213867e-01
2.381187081336975098e-01,2.110255126953125000e+02,7.606197595596313477e-01
9.421941637992858887e-02,2.240730438232421875e+02,7.227165102958679199e-01
3.407861590385437012e-01,1.672083282470703125e+02,7.922155261039733887e-01
4.347116053104400635e-01,1.537489624023437500e+02,8.273184895515441895e-01
7.268375158309936523e-01,1.992345581054687500e+02,9.197844266891479492e-01
5.743158459663391113e-01,1.372361907958984375e+02,9.881088733673095703e-01
7.604865431785583496e-01,7.055949401855468750e+01,7.994747161865234375e-01
5.865672230720520020e-02,6.350691223144531250e+01,8.137589693069458008e-01
5.269125103950500488e-01,1.920293884277343750e+02,7.995980978012084961e-01
5.987457036972045898e-01,2.053174896240234375e+02,8.104381561279296875e-01
9.012680053710937500e-01,9.750836944580078125e+01,8.083644509315490723e-01
8.987389206886291504e-01,8.651379394531250000e+01,5.554005503654479980e-01
2.737597823143005371e-01,1.964526214599609375e+02,5.206395983695983887e-01
2.565516233444213867e-01,2.059368896484375000e+02,8.604720234870910645e-01
1.367405652999877930e-01,1.343309936523437500e+02,5.662582516670227051e-01
2.566016614437103271e-01,7.692272949218750000e+01,9.261583089828491211e-01
2.485344409942626953e-01,8.063215637207031250e+01,6.717576980590820312e-01
2.581375837326049805e-02,5.912877655029296875e+01,9.005262851715087891e-01
2.638707756996154785e-01,1.873236389160156250e+02,6.204868555068969727e-01
6.419558525085449219e-01,1.912825469970703125e+02,8.497710227966308594e-01
5.492990612983703613e-01,7.378631591796875000e+01,8.114485740661621094e-01
5.903607010841369629e-01,1.873101806640625000e+02,5.137211680412292480e-01
4.895305931568145752e-01,1.185999450683593750e+02,5.694652795791625977e-01
5.411493778228759766e-01,1.466833343505859375e+02,9.943172931671142578e-01
8.607045412063598633e-01,1.635859527587890625e+02,7.237995862960815430e-01
2.959732115268707275e-01,1.804195556640625000e+02,9.358440637588500977e-01
7.927633523941040039e-01,1.384426879882812500e+02,8.132452964782714844e-01
5.439198017120361328e-01,1.844478149414062500e+02,8.257092237472534180e-01
2.943307161331176758e-02,6.321392059326171875e+01,8.406890630722045898e-01
4.347735941410064697e-01,1.117912139892578125e+02,6.549606919288635254e-01
5.191820859909057617e-02,3.603522109985351562e+01,5.579679012298583984e-01
4.377580285072326660e-01,1.613471984863281250e+02,8.335822820663452148e-01
5.333684682846069336e-01,2.057844085693359375e+02,7.821654677391052246e-01
8.487200736999511719e-01,1.312966003417968750e+02,5.735602378845214844e-01
5.732158422470092773e-01,1.454690093994140625e+02,9.177182912826538086e-01
5.906665921211242676e-01,1.195875473022460938e+02,5.122652053833007812e-01
2.533110976219177246e-01,8.403135681152343750e+01,5.969380736351013184e-01
3.099706768989562988e-01,1.250469741821289062e+02,5.007181763648986816e-01
7.150784730911254883e-01,8.551021575927734375e+01,5.633939504623413086e-01
7.913436889648437500e-01,1.879175109863281250e+02,9.445725679397583008e-01
4.967896044254302979e-01,1.784293670654296875e+02,6.072396636009216309e-01
8.130602240562438965e-01,1.589388122558593750e+02,5.756497979164123535e-01
9.794620871543884277e-01,1.184135894775390625e+02,7.936789989471435547e-01
1.204487681388854980e-02,1.054750823974609375e+02,8.061238527297973633e-01
4.333558678627014160e-02,1.726155242919921875e+02,8.471599817276000977e-01
3.503816127777099609e-01,2.073111267089843750e+02,5.861594080924987793e-01
7.314575910568237305e-01,1.414920959472656250e+02,9.356212615966796875e-01
2.292319238185882568e-01,1.696342773437500000e+02,7.292344570159912109e-01
3.705611824989318848e-01,1.919302215576171875e+02,5.520288944244384766e-01
7.017604112625122070e-01,1.150752944946289062e+02,9.546426534652709961e-01
5.749484300613403320e-01,2.074814910888671875e+02,7.511917948722839355e-01
8.316946029663085938e-02,1.372010955810546875e+02,9.892314076423645020e-01
6.704010963439941406e-01,2.037919464111328125e+02,5.037942528724670410e-01
6.729845404624938965e-01,2.310088348388671875e+02,7.983431220054626465e-01
5.375656485557556152e-01,2.217325134277343750e+02,6.392724514007568359e-01
1.397588551044464111e-01,6.571143341064453125e+01,7.304351925849914551e-01
1.051076352596282959e-01,1.582595977783203125e+02,9.552776217460632324e-01
7.977373600006103516e-01,2.240081176757812500e+02,6.695261001586914062e-01
1.749595105648040771e-01,2.212842407226562500e+02,7.189694046974182129e-01
3.548367619514465332e-01,1.176773681640625000e+02,8.367749452590942383e-01
1.074686348438262939e-01,5.530529785156250000e+01,9.274508953094482422e-01
1.783169209957122803e-01,5.425739288330078125e+01,8.381161689758300781e-01
5.213018059730529785e-01,1.751242523193359375e+02,8.146357536315917969e-01
8.150271177291870117e-01,2.267449493408203125e+02,5.502683520317077637e-01
7.003282308578491211e-01,1.829522857666015625e+02,8.247119784355163574e-01
9.005334377288818359e-01,1.965413360595703125e+02,9.328901767730712891e-01
5.996577143669128418e-01,2.382206420898437500e+02,5.036323666572570801e-01
6.519446969032287598e-01,4.759294128417968750e+01,6.844883561134338379e-01
5.411592721939086914e-01,1.068156509399414062e+02,8.250207901000976562e-01
5.848292708396911621e-01,1.033271255493164062e+02,7.545801997184753418e-01
7.001537680625915527e-01,1.774072113037109375e+02,6.764554381370544434e-01
5.317553877830505371e-01,8.512595367431640625e+01,6.808469295501708984e-01
5.244337320327758789e-01,9.471612548828125000e+01,7.494642138481140137e-01
9.316568970680236816e-01,1.794826202392578125e+02,6.432922482490539551e-01
7.738125324249267578e-01,5.596533584594726562e+01,5.945167541503906250e-01
2.643656134605407715e-01,3.888484573364257812e+01,8.883062601089477539e-01
8.827868700027465820e-01,1.515929870605468750e+02,8.224105834960937500e-01
6.507523655891418457e-01,2.030729522705078125e+02,5.710682272911071777e-01
5.648153424263000488e-01,1.900838470458984375e+02,5.222935080528259277e-01
8.765966892242431641e-01,5.818640899658203125e+01,5.310823917388916016e-01
3.063667714595794678e-01,2.727677536010742188e+01,7.563999891281127930e-01
4.766988754272460938e-01,1.056898574829101562e+02,5.605412721633911133e-01
7.914930582046508789e-01,1.561631317138671875e+02,9.839885234832763672e-01
2.484344840049743652e-01,8.907093811035156250e+01,5.261809229850769043e-01
8.549438118934631348e-01,2.115673980712890625e+02,7.087309360504150391e-01
8.598196506500244141e-01,1.183068695068359375e+02,8.893687725067138672e-01
5.918063521385192871e-01,2.074326782226562500e+02,7.616776227951049805e-01
7.817255258560180664e-01,2.206275787353515625e+02,7.229261994361877441e-01
6.615916490554809570e-01,2.085695953369140625e+02,8.762738704681396484e-01
7.992892265319824219e-01,1.862157745361328125e+02,7.685466408729553223e-01
1.034910380840301514e-01,9.015042877197265625e+01,8.162710666656494141e-01
3.357706069946289062e-01,4.476683044433593750e+01,9.315153956413269043e-01
8.507769703865051270e-01,2.021374511718750000e+02,5.684781074523925781e-01
3.616214990615844727e-01,3.106851387023925781e+01,7.671730518341064453e-01
8.834171295166015625e-02,5.281711578369140625e+01,7.089529037475585938e-01
3.046596944332122803e-01,2.024374694824218750e+02,8.789633512496948242e-01
1.035609245300292969e-01,1.894969024658203125e+02,8.750681877136230469e-01
3.838810324668884277e-02,3.674719619750976562e+01,8.850946426391601562e-01
5.432253479957580566e-01,7.846400451660156250e+01,6.795139908790588379e-01
3.295556306838989258e-01,1.201060333251953125e+02,6.933698058128356934e-01
4.155178070068359375e-01,6.029187011718750000e+01,8.903623819351196289e-01
8.874659538269042969e-01,1.088707962036132812e+02,7.056152224540710449e-01
5.249361991882324219e-01,2.119051971435546875e+02,8.065339326858520508e-01
9.444177150726318359e-01,1.440936126708984375e+02,8.317466974258422852e-01
4.593955576419830322e-01,8.994784545898437500e+01,9.617910385131835938e-01
2.818647027015686035e-01,4.916612243652343750e+01,7.994268536567687988e-01
3.667760491371154785e-01,1.731951599121093750e+02,7.322737574577331543e-01
3.858259022235870361e-01,1.667341156005859375e+02,9.834123253822326660e-01
8.223307132720947266e-02,3.118994140625000000e+01,6.764829158782958984e-01
1.064390838146209717e-01,1.434936828613281250e+02,9.845803976058959961e-01
1.890502870082855225e-01,1.110506973266601562e+02,5.551678538322448730e-01
3.194352388381958008e-01,1.533510589599609375e+02,8.098114728927612305e-01
1.736277937889099121e-01,3.674375915527343750e+01,9.019436836242675781e-01
6.098675727844238281e-02,3.381473541259765625e+01,8.744488358497619629e-01
2.591320276260375977e-01,1.581917724609375000e+02,5.846439003944396973e-01
1.253318190574645996e-01,2.020008239746093750e+02,7.378709316253662109e-01
9.093695878982543945e-01,1.628744354248046875e+02,5.049173831939697266e-01
4.077447354793548584e-01,1.983045806884765625e+02,5.858802795410156250e-01
1.326483786106109619e-01,1.085623245239257812e+02,9.565463066101074219e-01
2.928306758403778076e-01,1.978813476562500000e+02,9.195382595062255859e-01
7.956482172012329102e-01,1.015886459350585938e+02,5.796404480934143066e-01
6.527239680290222168e-01,9.250930023193359375e+01,8.954718708992004395e-01
7.447536587715148926e-01,1.198940353393554688e+02,7.421692609786987305e-01
2.810141444206237793e-01,1.217593688964843750e+02,6.556143164634704590e-01
8.599078655242919922e-01,2.309016265869140625e+02,5.956196784973144531e-01
1.090466976165771484e-04,2.362690277099609375e+02,7.682636976242065430e-01
3.279796838760375977e-01,2.184576416015625000e+02,9.147994518280029297e-01
6.504644155502319336e-01,3.420415496826171875e+01,9.201996326446533203e-01
4.211527705192565918e-01,2.323575134277343750e+02,7.713783383369445801e-01
1.742798089981079102e-02,3.438647460937500000e+01,5.171153545379638672e-01
3.902149200439453125e-02,1.097307052612304688e+02,5.213425755500793457e-01
2.515127360820770264e-01,1.769526672363281250e+02,5.952212214469909668e-01
4.669621288776397705e-01,8.208026885986328125e+01,8.645567893981933594e-01
1.532756388187408447e-01,9.932582855224609375e+01,6.788212060928344727e-01
4.005609154701232910e-01,5.922363662719726562e+01,8.416327834129333496e-01
8.754164576530456543e-01,1.639981689453125000e+02,5.340715050697326660e-01
7.379466295242309570e-01,1.688558807373046875e+02,5.462521910667419434e-01
2.631789445877075195e-01,1.699736175537109375e+02,8.311585187911987305e-01
8.716249465942382812e-01,2.241541595458984375e+02,7.218379378318786621e-01
7.158048152923583984e-01,1.794670867919921875e+02,9.674178361892700195e-01
3.059671521186828613e-01,4.679209136962890625e+01,7.280988693237304688e-01
7.893204092979431152e-01,2.137269592285156250e+02,6.086390018463134766e-01
5.214689373970031738e-01,4.687741470336914062e+01,6.072269678115844727e-01
7.840093374252319336e-01,1.719998931884765625e+02,6.586352586746215820e-01
2.160362303256988525e-01,1.970349121093750000e+02,7.953964471817016602e-01
6.768890619277954102e-01,1.293869476318359375e+02,5.048934817314147949e-01
7.349551916122436523e-01,1.376639404296875000e+02,9.836267828941345215e-01
6.500023603439331055e-01,1.149833908081054688e+02,5.507628917694091797e-01
8.266736268997192383e-01,6.936154174804687500e+01,7.250721454620361328e-01
8.690795898437500000e-01,7.401923370361328125e+01,9.852176904678344727e-01
2.010706365108489990e-01,9.342171478271484375e+01,7.619664669036865234e-01
8.461512327194213867e-01,1.169213485717773438e+02,7.174093723297119141e-01
5.206765532493591309e-01,1.508828582763671875e+02,9.726550579071044922e-01
2.720537781715393066e-01,8.929979705810546875e+01,9.524483680725097656e-01
1.086709201335906982e-01,2.053963012695312500e+02,7.367993593215942383e-01
9.266014695167541504e-01,2.005357818603515625e+02,6.874547004699707031e-01
5.662905573844909668e-01,1.729235687255859375e+02,5.254361629486083984e-01
4.695200622081756592e-01,2.190672607421875000e+02,5.310246944427490234e-01
6.584961414337158203e-01,4.614590072631835938e+01,8.996300697326660156e-01
2.921058535575866699e-01,8.922773742675781250e+01,6.626184582710266113e-01
3.057286441326141357e-01,8.793849182128906250e+01,9.326193332672119141e-01
9.670476913452148438e-01,8.391817474365234375e+01,8.490438461303710938e-01
2.111461162567138672e-01,1.922276153564453125e+02,8.385225534439086914e-01
7.040601968765258789e-01,1.281686401367187500e+02,7.854313254356384277e-01
3.336351513862609863e-01,5.951124572753906250e+01,9.052327871322631836e-01
6.625147461891174316e-01,1.444367370605468750e+02,9.943994283676147461e-01
8.044151067733764648e-01,9.371726989746093750e+01,5.370499491691589355e-01
8.919126987457275391e-01,1.178360671997070312e+02,6.824128031730651855e-01
8.182227611541748047e-03,6.887864685058593750e+01,6.981655359268188477e-01
1.200477182865142822e-01,1.807492828369140625e+02,9.301916956901550293e-01
2.601173520088195801e-01,6.523138427734375000e+01,5.136334896087646484e-01
2.516413927078247070e-01,3.897689437866210938e+01,7.150366306304931641e-01
4.837095141410827637e-01,8.130284118652343750e+01,6.804771423339843750e-01
3.403376042842864990e-01,1.494835052490234375e+02,8.930746316909790039e-01
4.416153132915496826e-01,5.705106735229492188e+01,6.653427481651306152e-01
6.475383043289184570e-01,7.440251159667968750e+01,9.004522562026977539e-01
8.274823427200317383e-02,8.535281372070312500e+01,6.515738368034362793e-01
5.560484528541564941e-01,1.933372955322265625e+02,8.776706457138061523e-01
7.164589762687683105e-01,1.296723175048828125e+02,7.466731071472167969e-01
4.641830623149871826e-01,8.069072723388671875e+01,6.284682154655456543e-01
4.973315596580505371e-01,1.336639709472656250e+02,9.773564338684082031e-01
1.137596368789672852e-02,8.225439453125000000e+01,9.448363780975341797e-01
5.624700784683227539e-01,6.296089553833007812e+01,9.383574724197387695e-01
8.554532527923583984e-01,1.796620788574218750e+02,8.740502595901489258e-01
4.768789410591125488e-01,2.125954437255859375e+02,6.593172550201416016e-01
4.096223413944244385e-01,7.995317077636718750e+01,6.855013966560363770e-01
6.624833941459655762e-01,9.993712615966796875e+01,5.534479618072509766e-01
8.355132341384887695e-01,1.916799621582031250e+02,6.604415178298950195e-01
9.730982780456542969e-02,1.658670349121093750e+02,7.019335031509399414e-01
6.740299463272094727e-01,1.941088409423828125e+02,7.723398804664611816e-01
3.688839673995971680e-01,1.912638702392578125e+02,6.738730669021606445e-01
6.298141479492187500e-01,1.881123504638671875e+02,9.354156851768493652e-01
8.674467802047729492e-01,1.792350769042968750e+02,8.156946301460266113e-01
7.224750518798828125e-01,1.035284271240234375e+02,6.735047101974487305e-01
-1.595020294189453261e-05,4.853041458129882812e+01,6.433724761009216309e-01
7.128298282623291016e-03,2.179672851562500000e+02,8.036453723907470703e-01
4.085736274719238281e-01,1.287361755371093750e+02,9.145553708076477051e-01
7.179642319679260254e-01,1.503250427246093750e+02,6.336542963981628418e-01
8.477009534835815430e-01,2.133449249267578125e+02,5.131621360778808594e-01
3.041773438453674316e-01,1.277007217407226562e+02,8.856092095375061035e-01
7.027024626731872559e-01,1.780529937744140625e+02,5.623471736907958984e-01
3.862819075584411621e-01,1.107098999023437500e+02,8.670647144317626953e-01
7.484047412872314453e-01,1.768736114501953125e+02,6.675217151641845703e-01
2.584139108657836914e-01,7.203229522705078125e+01,6.879675984382629395e-01
5.494374632835388184e-01,1.059036254882812500e+02,6.161529421806335449e-01
1.778533160686492920e-01,4.722639846801757812e+01,8.630096316337585449e-01
3.100982010364532471e-01,1.767348327636718750e+02,9.733664989471435547e-01
5.593282580375671387e-01,1.131325073242187500e+02,5.102561116218566895e-01
4.515646696090698242e-01,1.930746917724609375e+02,8.194170594215393066e-01
1.469682157039642334e-01,2.269412384033203125e+02,8.079732656478881836e-01
8.350992798805236816e-01,7.393039703369140625e+01,9.079755544662475586e-01
6.457507610321044922e-01,1.969604797363281250e+02,9.600419998168945312e-01
5.985447764396667480e-02,3.567549514770507812e+01,5.936812758445739746e-01
8.048596382141113281e-01,2.084542541503906250e+02,5.641936063766479492e-01
7.639969587326049805e-01,1.636272583007812500e+02,6.913938522338867188e-01
3.167163133621215820e-01,1.894569854736328125e+02,6.697894334793090820e-01
3.793840706348419189e-01,2.040150909423828125e+02,7.642424106597900391e-01
1.306069791316986084e-01,2.260889587402343750e+02,6.848278045654296875e-01
7.614323496818542480e-01,1.267127685546875000e+02,8.233708143234252930e-01
6.437580585479736328e-01,2.177716827392578125e+02,5.620132088661193848e-01
6.201261281967163086e-02,9.653354644775390625e+01,7.305463552474975586e-01
9.257766604423522949e-02,1.759688110351562500e+02,7.428569793701171875e-01
5.779110193252563477e-01,1.091222305297851562e+02,7.181626558303833008e-01
6.834100484848022461e-01,4.503924179077148438e+01,8.217525482177734375e-01
7.204322814941406250e-01,1.958936920166015625e+02,7.017909884452819824e-01
3.677221536636352539e-01,3.837873458862304688e+01,8.925720453262329102e-01
5.434725284576416016e-01,7.430647277832031250e+01,9.358500242233276367e-01
2.366258502006530762e-01,4.294134902954101562e+01,5.686010718345642090e-01
1.954397261142730713e-01,1.523387145996093750e+02,5.465973615646362305e-01
7.259757518768310547e-01,1.936435546875000000e+02,8.711461424827575684e-01
5.093315243721008301e-01,8.337355041503906250e+01,9.455146193504333496e-01
6.691185235977172852e-01,2.218905181884765625e+02,5.801273584365844727e-01
8.908292651176452637e-02,1.227526702880859375e+02,7.957413196563720703e-01
2.965935468673706055e-01,5.227286911010742188e+01,9.766858220100402832e-01
8.455698490142822266e-01,2.134727325439453125e+02,5.152498483657836914e-01
7.249562740325927734e-01,3.956223297119140625e+01,9.169001579284667969e-01
5.048539638519287109e-01,1.756490631103515625e+02,6.651463508605957031e-01
4.659916162490844727e-01,5.990623855590820312e+01,8.346766829490661621e-01
7.204974889755249023e-01,2.027342071533203125e+02,8.268330693244934082e-01
8.498017191886901855e-01,8.538129425048828125e+01,9.875217676162719727e-01
5.760741233825683594e-01,4.270921707153320312e+01,5.214380621910095215e-01
8.081979751586914062e-01,2.043434600830078125e+02,7.237150073051452637e-01
6.686331629753112793e-01,1.981965484619140625e+02,8.784797191619873047e-01
2.107649147510528564e-01,2.470496063232421875e+02,7.378887534141540527e-01
3.943797945976257324e-02,7.217981719970703125e+01,7.871064543724060059e-01
4.462080001831054688e-01,2.104894866943359375e+02,5.805861353874206543e-01
-3.399050235748291363e-03,2.135873565673828125e+02,9.644021987915039062e-01
5.731612443923950195e-01,1.704339141845703125e+02,8.693566322326660156e-01
5.391613245010375977e-01,1.205893249511718750e+02,5.157089829444885254e-01
2.552663087844848633e-01,8.176413726806640625e+01,7.988144755363464355e-01
5.078426003456115723e-01,5.611766052246093750e+01,7.685745358467102051e-01
3.856402933597564697e-01,6.257650756835937500e+01,6.473112702369689941e-01
9.068945646286010742e-01,1.510353851318359375e+02,5.949531197547912598e-01
7.862915992736816406e-01,2.102232208251953125e+02,8.424135446548461914e-01
2.725745439529418945e-01,7.430516815185546875e+01,9.031990766525268555e-01
7.061450481414794922e-01,4.547122192382812500e+01,5.258513689041137695e-01
7.301141023635864258e-01,2.006802673339843750e+02,8.012295961380004883e-01
2.016512155532836914e-01,4.752803802490234375e+01,6.457399725914001465e-01
7.741293907165527344e-01,7.479878234863281250e+01,7.969361543655395508e-01
6.234456896781921387e-01,8.240595245361328125e+01,5.347875952720642090e-01
8.996832370758056641e-02,8.253256988525390625e+01,9.245321750640869141e-01
3.390278816223144531e-01,9.523992156982421875e+01,8.706268072128295898e-01
3.363788425922393799e-01,1.436480865478515625e+02,8.787287473678588867e-01
3.780189752578735352e-01,1.747958984375000000e+02,8.944162130355834961e-01
6.585127711296081543e-01,2.339877166748046875e+02,6.140663623809814453e-01
6.543350219726562500e-01,6.930678558349609375e+01,7.198066115379333496e-01
5.387143492698669434e-01,1.726435852050781250e+02,9.669911861419677734e-01
4.679744243621826172e-01,1.982406921386718750e+02,6.302224397659301758e-01
4.600473940372467041e-01,2.146732177734375000e+02,6.071832776069641113e-01
5.569865703582763672e-01,1.507519073486328125e+02,6.281271576881408691e-01
4.251515269279479980e-01,7.161332702636718750e+01,9.019449949264526367e-01
4.314861595630645752e-01,1.769844665527343750e+02,9.646800756454467773e-01
6.897739768028259277e-01,2.043803253173828125e+02,8.496423959732055664e-01
8.253483772277832031e-01,1.494765930175781250e+02,6.303210258483886719e-01
5.422544479370117188e-02,1.808228149414062500e+02,8.242229223251342773e-01
3.817880749702453613e-01,1.752554473876953125e+02,7.941865324974060059e-01
6.195312738418579102e-01,1.576472167968750000e+02,5.877940058708190918e-01
3.704267740249633789e-01,9.595249938964843750e+01,5.246548056602478027e-01
9.192177057266235352e-01,3.554430389404296875e+01,6.112559437751770020e-01
5.040601491928100586e-01,1.214033050537109375e+02,5.574939846992492676e-01
5.977771878242492676e-01,4.393460845947265625e+01,8.310771584510803223e-01
6.103954911231994629e-01,1.680394439697265625e+02,5.486572980880737305e-01
-2.002120018005371094e-03,2.084152221679687500e+02,8.410015106201171875e-01
5.762905478477478027e-01,5.632925796508789062e+01,8.878545165061950684e-01
4.619908034801483154e-01,1.383489074707031250e+02,8.368667364120483398e-01
5.750231742858886719e-01,5.942961120605468750e+01,9.694167375564575195e-01
2.669736742973327637e-02,4.031748962402343750e+01,8.774446845054626465e-01
6.222084760665893555e-01,2.763368415832519531e+01,5.897634625434875488e-01
1.414389312267303467e-01,5.023119354248046875e+01,9.520754814147949219e-01
6.253627538681030273e-01,2.094173126220703125e+02,6.125350594520568848e-01
2.831017374992370605e-01,1.753666992187500000e+02,9.550585746765136719e-01
3.150457441806793213e-01,5.588239288330078125e+01,5.828976035118103027e-01
5.377645492553710938e-01,1.803715667724609375e+02,5.578600764274597168e-01
2.348721623420715332e-01,1.148678054809570312e+02,9.865939617156982422e-01
8.521348237991333008e-02,9.380591583251953125e+01,6.679104566574096680e-01
4.471832513809204102e-02,1.516423797607421875e+02,6.585575938224792480e-01
3.090915083885192871e-01,2.192607727050781250e+02,5.155698060989379883e-01
8.211579918861389160e-02,1.511540679931640625e+02,7.942737340927124023e-01
2.226498723030090332e-01,1.413185882568359375e+02,6.507091522216796875e-01
3.235503137111663818e-01,5.676064682006835938e+01,8.199293613433837891e-01
6.454142928123474121e-01,2.039037933349609375e+02,7.558696269989013672e-01
8.793467283248901367e-01,1.109798126220703125e+02,5.689886808395385742e-01
6.932998895645141602e-01,1.993718872070312500e+02,6.383678317070007324e-01
-1.510155200958251996e-03,1.398511810302734375e+02,8.456385135650634766e-01
3.334759175777435303e-01,1.615518035888671875e+02,5.327019691467285156e-01
7.501648664474487305e-01,1.806461486816406250e+02,7.836558818817138672e-01
4.966896772384643555e-01,1.920114288330078125e+02,9.511121511459350586e-01
6.054438352584838867e-01,2.063803405761718750e+02,8.600136637687683105e-01
7.678887844085693359e-01,1.221623382568359375e+02,5.126889348030090332e-01
7.369594573974609375e-01,1.708836517333984375e+02,9.346164464950561523e-01
7.277443408966064453e-01,1.756751861572265625e+02,8.871835470199584961e-01
5.575478672981262207e-01,9.039547729492187500e+01,7.159649729728698730e-01
1.632463335990905762e-01,6.978316497802734375e+01,8.966009616851806641e-01
2.363634407520294189e-01,1.684285583496093750e+02,8.421353101730346680e-01
1.779790222644805908e-01,5.122653961181640625e+01,9.006734490394592285e-01
5.754056572914123535e-01,8.797112274169921875e+01,9.233426451683044434e-01
4.733118116855621338e-01,1.123537826538085938e+02,7.880146503448486328e-01
4.250639379024505615e-01,8.621942138671875000e+01,8.556766510009765625e-01
4.666451215744018555e-01,1.656025085449218750e+02,6.883463859558105469e-01
7.642644643783569336e-01,4.323282241821289062e+01,7.244977951049804688e-01
4.344774484634399414e-01,1.802220764160156250e+02,9.101071357727050781e-01
5.245413780212402344e-01,7.894561004638671875e+01,5.994594097137451172e-01
2.124129235744476318e-01,1.551466217041015625e+02,6.114848256111145020e-01
8.287917971611022949e-01,4.225126647949218750e+01,6.720300912857055664e-01
6.360114812850952148e-01,2.029057922363281250e+02,9.765937328338623047e-01
4.631681442260742188e-01,1.829271087646484375e+02,8.044336438179016113e-01
3.126327693462371826e-01,1.637611236572265625e+02,5.629035234451293945e-01
1.724272966384887695e-02,5.475786972045898438e+01,8.864264488220214844e-01
3.345963954925537109e-01,1.791787872314453125e+02,9.256181716918945312e-01
3.650448322296142578e-01,2.769819259643554688e+01,9.253971576690673828e-01
3.269599676132202148e-01,1.090186309814453125e+02,7.610839009284973145e-01
2.300481200218200684e-01,2.249860076904296875e+02,8.747575283050537109e-01
8.173038363456726074e-01,1.278353652954101562e+02,5.649534463882446289e-01
2.780604362487792969e-01,1.805993957519531250e+02,7.736054658889770508e-01
5.348962545394897461e-01,1.748715362548828125e+02,8.834083080291748047e-01
9.858301877975463867e-01,5.725029373168945312e+01,5.926842093467712402e-01
4.300702810287475586e-01,1.568518218994140625e+02,5.135864019393920898e-01
7.217092514038085938e-01,1.651152954101562500e+02,6.559644341468811035e-01
7.596199512481689453e-01,5.706232452392578125e+01,5.202680230140686035e-01
2.956213355064392090e-01,1.172682571411132812e+02,8.929272890090942383e-01
3.086623549461364746e-01,1.049276657104492188e+02,6.928336620330810547e-01
6.858756542205810547e-01,1.142160186767578125e+02,6.928426027297973633e-01
2.684429287910461426e-02,2.214990692138671875e+02,6.124227046966552734e-01
4.158981740474700928e-01,3.588771820068359375e+01,8.280205130577087402e-01
1.208886802196502686e-01,6.873310852050781250e+01,5.464019179344177246e-01
3.714662790298461914e-01,1.107807540893554688e+02,8.042941093444824219e-01
9.793082475662231445e-01,1.193958892822265625e+02,7.665108442306518555e-01
5.346843004226684570e-01,6.301440048217773438e+01,9.186694622039794922e-01
6.120269894599914551e-01,2.009290008544921875e+02,6.107917428016662598e-01
7.670720815658569336e-01,7.801096343994140625e+01,8.043747544288635254e-01
4.744687378406524658e-01,1.108229904174804688e+02,8.191479444503784180e-01
5.541047453880310059e-01,1.030017395019531250e+02,9.142435789108276367e-01
8.043845295906066895e-01,2.014803924560546875e+02,8.100934624671936035e-01
5.609824061393737793e-01,2.372452545166015625e+02,5.070819258689880371e-01
3.905245661735534668e-01,1.595318145751953125e+02,8.983111977577209473e-01
9.518666267395019531e-01,9.292411804199218750e+01,8.950638771057128906e-01
4.730035364627838135e-01,1.132634201049804688e+02,5.946477651596069336e-01
8.907400965690612793e-01,1.723772888183593750e+02,5.761767625808715820e-01
5.599544048309326172e-01,5.909782028198242188e+01,7.207537293434143066e-01
1.029977798461914062e+00,5.731410217285156250e+01,5.379976034164428711e-01
2.722743749618530273e-01,6.216299057006835938e+01,5.557017922401428223e-01
4.221035540103912354e-01,1.661421203613281250e+02,5.005311369895935059e-01
4.929864406585693359e-01,2.203700408935546875e+02,5.578274130821228027e-01
6.909605860710144043e-01,2.186334991455078125e+02,7.035201191902160645e-01
2.954440116882324219e-01,2.128861083984375000e+02,5.313393473625183105e-01
6.645138263702392578e-01,1.469670715332031250e+02,5.285755395889282227e-01
2.307797074317932129e-01,1.944019317626953125e+02,6.892284154891967773e-01
1.035184025764465332e+00,1.041206130981445312e+02,8.662302494049072266e-01
6.397730112075805664e-01,1.861783142089843750e+02,8.498134613037109375e-01
5.008578896522521973e-01,2.244162139892578125e+02,8.246356844902038574e-01
8.733700513839721680e-01,1.348350524902343750e+02,5.217258930206298828e-01
4.227741658687591553e-01,1.659962310791015625e+02,7.971417903900146484e-01
9.031229019165039062e-01,1.796503448486328125e+02,8.762628436088562012e-01
1.286417245864868164e-01,6.731642150878906250e+01,8.521659970283508301e-01
6.067025661468505859e-01,9.315364837646484375e+01,8.987387418746948242e-01
1.746663451194763184e-02,2.039720306396484375e+02,9.161266088485717773e-01
2.679914236068725586e-03,2.098701324462890625e+02,7.739034891128540039e-01
8.693578243255615234e-01,1.992078857421875000e+02,8.871746063232421875e-01
5.873490571975708008e-01,9.188454437255859375e+01,5.641534328460693359e-01
5.736725330352783203e-01,7.992790222167968750e+01,6.885824799537658691e-01
4.581258893013000488e-01,9.007443237304687500e+01,8.763049840927124023e-01
6.105067133903503418e-01,1.687530975341796875e+02,7.286897301673889160e-01
3.883523941040039062e-01,4.626342391967773438e+01,6.291018724441528320e-01
9.551517963409423828e-01,4.537170791625976562e+01,6.548598408699035645e-01
4.599332213401794434e-01,1.939235839843750000e+02,9.385873675346374512e-01
5.069547891616821289e-01,7.950853729248046875e+01,9.487395286560058594e-01
4.369986057281494141e-01,1.787516937255859375e+02,5.632996559143066406e-01
4.071588218212127686e-01,1.589283905029296875e+02,7.552809715270996094e-01
5.180208086967468262e-01,1.290397644042968750e+02,5.487425923347473145e-01
6.318825483322143555e-01,1.323868408203125000e+02,7.111961841583251953e-01
2.039829492568969727e-01,2.086454315185546875e+02,8.886662721633911133e-01
3.092276155948638916e-01,1.027828903198242188e+02,5.696310400962829590e-01
8.356487154960632324e-01,1.977211151123046875e+02,5.128545165061950684e-01
8.907113075256347656e-01,8.358092498779296875e+01,7.127014398574829102e-01
2.099188864231109619e-01,1.532379760742187500e+02,7.335666418075561523e-01
6.020687222480773926e-01,1.950789337158203125e+02,7.888286113739013672e-01
4.322869479656219482e-01,1.646554870605468750e+02,6.157981753349304199e-01
6.046000123023986816e-01,1.010385742187500000e+02,6.444908380508422852e-01
2.175657749176025391e-01,6.531916046142578125e+01,6.055340170860290527e-01
6.596779823303222656e-01,1.395632171630859375e+02,9.314723610877990723e-01
5.120651721954345703e-01,9.879708099365234375e+01,9.020211100578308105e-01
5.262508988380432129e-02,4.185078430175781250e+01,7.085994482040405273e-01
4.986979365348815918e-01,5.494821929931640625e+01,7.769440412521362305e-01
8.199572563171386719e-01,1.432283935546875000e+02,9.878834486007690430e-01
5.682976841926574707e-01,2.149184417724609375e+02,6.299171447753906250e-01
3.730955123901367188e-01,1.494662475585937500e+02,9.374144077301025391e-01
5.183736681938171387e-01,2.294728088378906250e+02,7.366639971733093262e-01
8.668473362922668457e-01,6.011061096191406250e+01,6.606411933898925781e-01
1.688793301582336426e-01,2.305431671142578125e+02,6.119334697723388672e-01
7.195548415184020996e-01,1.514181060791015625e+02,5.556016564369201660e-01
3.074102401733398438e-01,2.202102203369140625e+02,7.306814193725585938e-01
6.850031614303588867e-01,1.687124176025390625e+02,6.549101471900939941e-01
6.529788374900817871e-01,1.007106323242187500e+02,7.793048024177551270e-01
2.473275959491729736e-01,1.025079727172851562e+02,6.069257855415344238e-01
3.109891414642333984e-01,1.638741607666015625e+02,7.354267835617065430e-01
6.023053526878356934e-01,2.112066650390625000e+02,8.658533096313476562e-01
3.086695671081542969e-01,1.405184783935546875e+02,7.697119116783142090e-01
6.714366674423217773e-01,1.775675506591796875e+02,5.511828064918518066e-01
1.829543709754943848e-01,1.451324157714843750e+02,5.821694731712341309e-01
3.614375889301300049e-01,1.859492034912109375e+02,8.497666120529174805e-01
5.742956399917602539e-01,1.658312377929687500e+02,5.660338401794433594e-01
8.420288562774658203e-01,3.468174743652343750e+01,5.713093280792236328e-01
8.772397041320800781e-01,1.839548797607421875e+02,7.409958839416503906e-01
4.546938538551330566e-01,1.522685394287109375e+02,8.246744275093078613e-01
5.442944765090942383e-01,1.039181671142578125e+02,6.124752163887023926e-01
1.776732504367828369e-01,1.155502395629882812e+02,8.248444795608520508e-01
8.858014345169067383e-01,2.050616912841796875e+02,8.700470924377441406e-01
8.471310138702392578e-01,6.672990417480468750e+01,5.193046927452087402e-01
7.095093727111816406e-01,1.595845947265625000e+02,8.652235269546508789e-01
6.052559614181518555e-01,4.914757919311523438e+01,5.515543818473815918e-01
4.406012892723083496e-01,6.326725006103515625e+01,6.806012988090515137e-01
9.195958375930786133e-01,1.640647430419921875e+02,7.518777847290039062e-01
8.423424959182739258e-01,1.591929626464843750e+02,9.743810892105102539e-01
5.900444984436035156e-01,1.392547149658203125e+02,6.864614486694335938e-01
7.323005199432373047e-01,1.417433776855468750e+02,5.122004151344299316e-01
2.997710108757019043e-01,1.411614379882812500e+02,6.526787281036376953e-01
4.311889708042144775e-01,2.061590423583984375e+02,6.915518045425415039e-01
4.263558387756347656e-01,1.774900360107421875e+02,5.872474312782287598e-01
2.265095114707946777e-01,2.187192230224609375e+02,7.412029504776000977e-01
4.124490618705749512e-01,4.089520645141601562e+01,6.278094053268432617e-01
9.377113580703735352e-01,1.859449768066406250e+02,6.067434549331665039e-01
8.145182132720947266e-01,2.216394042968750000e+02,7.961798906326293945e-01
8.808853626251220703e-01,1.855702514648437500e+02,9.559599161148071289e-01
7.361230254173278809e-02,2.156989135742187500e+02,7.439937591552734375e-01
7.248991131782531738e-01,2.459089088439941406e+01,8.923324346542358398e-01
7.129432559013366699e-01,1.995146789550781250e+02,6.079779267311096191e-01
6.275115013122558594e-01,4.091744995117187500e+01,8.135621547698974609e-01
3.658059239387512207e-01,1.081520919799804688e+02,6.432573795318603516e-01
5.184472203254699707e-01,4.690494918823242188e+01,9.788689613342285156e-01
9.333313107490539551e-01,7.042755126953125000e+01,8.909422159194946289e-01
3.375828862190246582e-01,1.453468322753906250e+02,9.200533628463745117e-01
7.204481959342956543e-02,2.428712158203125000e+02,8.726319074630737305e-01
2.575399279594421387e-01,1.109921951293945312e+02,5.267608761787414551e-01
1.862903833389282227e-01,2.165635681152343750e+02,6.852772235870361328e-01
7.854562997817993164e-01,7.116617584228515625e+01,6.585791707038879395e-01
7.557128667831420898e-01,1.112099761962890625e+02,5.328511595726013184e-01
4.333201348781585693e-01,9.717855072021484375e+01,8.634607791900634766e-01
3.242678046226501465e-01,1.452643280029296875e+02,7.682800292968750000e-01
3.450240492820739746e-01,1.398515472412109375e+02,7.270080447196960449e-01
6.504983901977539062e-01,1.075158309936523438e+02,9.425320029258728027e-01
6.385368108749389648e-02,8.566808319091796875e+01,5.158403515815734863e-01
8.841077089309692383e-01,1.819577178955078125e+02,9.596432447433471680e-01
9.032831192016601562e-01,1.566650238037109375e+02,9.616795778274536133e-01
1.246592402458190918e-01,2.897445678710937500e+01,6.017436981201171875e-01
7.431393861770629883e-01,1.752416839599609375e+02,9.457386732101440430e-01
5.395820736885070801e-01,8.483712768554687500e+01,9.867719411849975586e-01
7.874149084091186523e-02,2.017866363525390625e+02,7.239714860916137695e-01
4.452538490295410156e-01,7.258669281005859375e+01,9.695496559143066406e-01
9.041535854339599609e-01,1.823434143066406250e+02,5.845574736595153809e-01
8.801648616790771484e-01,1.865178375244140625e+02,9.654920101165771484e-01
2.869139909744262695e-01,1.444614562988281250e+02,6.344975233078002930e-01
5.142541527748107910e-01,1.210097122192382812e+02,9.183697700500488281e-01
4.364713430404663086e-01,6.325527191162109375e+01,8.213276863098144531e-01
3.864945173263549805e-01,1.149757156372070312e+02,9.520421028137207031e-01
4.091743826866149902e-01,2.844624519348144531e+01,7.714960575103759766e-01
3.252519369125366211e-01,1.012943038940429688e+02,8.508639335632324219e-01
7.808294296264648438e-01,8.866921234130859375e+01,5.186325311660766602e-01
3.910816311836242676e-01,1.660446014404296875e+02,9.520459771156311035e-01
7.363617420196533203e-01,1.688588714599609375e+02,8.008075356483459473e-01
2.377587258815765381e-01,1.422669525146484375e+02,6.628844141960144043e-01
4.582240581512451172e-01,3.667991638183593750e+01,6.748097538948059082e-01
2.054432332515716553e-01,1.766625518798828125e+02,7.217503786087036133e-01
5.847998261451721191e-01,8.447789764404296875e+01,9.921507835388183594e-01
7.332007884979248047e-01,1.221148681640625000e+02,8.633170127868652344e-01
2.625052928924560547e-01,3.001900291442871094e+01,5.743171572685241699e-01
3.780463337898254395e-02,3.123837471008300781e+01,8.096241354942321777e-01
4.813387691974639893e-01,2.060111541748046875e+02,5.586953163146972656e-01
4.821875393390655518e-01,1.836295166015625000e+02,8.091343045234680176e-01
8.484196662902832031e-01,2.015535430908203125e+02,9.203487038612365723e-01
8.351175785064697266e-01,2.216022491455078125e+02,5.766736268997192383e-01
4.550065100193023682e-01,1.809138336181640625e+02,7.259217500686645508e-01
6.991420984268188477e-01,3.443769454956054688e+01,8.267762660980224609e-01
3.762008547782897949e-01,2.100438995361328125e+02,5.454421639442443848e-01
7.806248068809509277e-01,2.068406677246093750e+02,5.836367607116699219e-01
3.644598126411437988e-01,2.011936035156250000e+02,7.409094572067260742e-01
1.928209364414215088e-01,1.104174652099609375e+02,8.322039842605590820e-01
8.649716377258300781e-01,1.915516052246093750e+02,8.162859678268432617e-01
6.291674375534057617e-01,1.606249847412109375e+02,6.965391635894775391e-01
8.267754316329956055e-01,2.013140411376953125e+02,9.366084933280944824e-01
5.520700216293334961e-01,1.536707000732421875e+02,9.015421867370605469e-01
8.743200302124023438e-01,5.275990676879882812e+01,7.429486513137817383e-01
4.085268378257751465e-01,6.519243621826171875e+01,5.986365079879760742e-01
4.952808320522308350e-01,1.872827301025390625e+02,9.719923734664916992e-01
7.871722579002380371e-01,6.964389801025390625e+01,8.533272147178649902e-01
3.370814323425292969e-01,4.930408859252929688e+01,8.291676044464111328e-01
7.824745178222656250e-01,1.015422515869140625e+02,9.062167406082153320e-01
6.927455067634582520e-01,1.762071685791015625e+02,6.971954107284545898e-01
8.961275815963745117e-01,9.611812591552734375e+01,8.398393392562866211e-01
2.899144291877746582e-01,1.607082672119140625e+02,7.783889770507812500e-01
6.578310728073120117e-01,2.079658203125000000e+02,8.043277859687805176e-01
9.290887117385864258e-01,2.470028991699218750e+02,9.651119709014892578e-01
3.618527650833129883e-01,1.665195007324218750e+02,5.513250827789306641e-01
5.359790325164794922e-01,2.033574981689453125e+02,9.640710353851318359e-01
4.053698182106018066e-01,1.159358520507812500e+02,7.447844743728637695e-01
3.395229578018188477e-03,1.023386306762695312e+02,7.353121638298034668e-01
2.914981842041015625e-01,2.078536376953125000e+02,8.521625995635986328e-01
6.862407326698303223e-01,2.324885101318359375e+02,9.067430496215820312e-01
5.463360548019409180e-01,1.904663391113281250e+02,8.656597137451171875e-01
2.958864271640777588e-01,2.111644592285156250e+02,8.068526983261108398e-01
3.903710246086120605e-01,3.423894500732421875e+01,6.837714910507202148e-01
1.411679089069366455e-01,1.434901428222656250e+02,6.548286676406860352e-01
2.102926969528198242e-01,2.008457336425781250e+02,6.822492480278015137e-01
7.876421213150024414e-01,2.040848999023437500e+02,7.074151039123535156e-01
8.276780843734741211e-01,1.048885650634765625e+02,5.112705826759338379e-01
1.371849477291107178e-01,2.230134429931640625e+02,8.309140801429748535e-01
4.314894080162048340e-01,1.155777206420898438e+02,8.022907376289367676e-01
7.457374930381774902e-01,1.761384582519531250e+02,8.596401214599609375e-01
1.098237037658691406e-01,7.886657714843750000e+01,9.316786527633666992e-01
5.003942251205444336e-01,1.956888732910156250e+02,5.295783877372741699e-01
6.326402425765991211e-01,1.618840789794921875e+02,8.902117013931274414e-01
7.558028697967529297e-01,2.186501159667968750e+02,6.427062749862670898e-01
8.922765254974365234e-01,6.628743743896484375e+01,7.180981636047363281e-01
6.017081737518310547e-01,6.670699310302734375e+01,9.658879637718200684e-01
7.210159301757812500e-01,1.830751037597656250e+02,9.606758356094360352e-01
4.412637948989868164e-01,4.856604385375976562e+01,8.981189131736755371e-01
7.857624888420104980e-01,1.631537322998046875e+02,7.234649658203125000e-01
6.089265942573547363e-01,1.101674575805664062e+02,6.343171000480651855e-01
6.732810735702514648e-01,1.291753387451171875e+02,7.924590110778808594e-01
7.837933301925659180e-02,2.000244750976562500e+02,5.050556063652038574e-01
6.300033926963806152e-01,4.175516128540039062e+01,8.466367125511169434e-01
2.702202200889587402e-01,1.002178039550781250e+02,5.344691872596740723e-01
8.105040192604064941e-01,2.454180908203125000e+02,7.555475234985351562e-01
5.735483169555664062e-01,1.703145141601562500e+02,6.617959737777709961e-01
3.414997458457946777e-01,1.966763916015625000e+02,8.049244284629821777e-01
3.156141042709350586e-01,1.508824462890625000e+02,5.125614404678344727e-01
5.953030586242675781e-01,1.953668975830078125e+02,8.590011596679687500e-01
6.578747034072875977e-01,1.046711349487304688e+02,8.831745386123657227e-01
5.912625789642333984e-01,2.013609313964843750e+02,5.155304074287414551e-01
2.486601769924163818e-01,1.001435546875000000e+02,9.232916831970214844e-01
1.525859236717224121e-01,1.649718322753906250e+02,8.586419820785522461e-01
6.494996547698974609e-01,6.310322189331054688e+01,7.092736959457397461e-01
6.059184074401855469e-01,1.107272796630859375e+02,6.652032136917114258e-01
6.667081117630004883e-01,6.546646881103515625e+01,8.928176164627075195e-01
2.962013185024261475e-01,6.335477828979492188e+01,6.899189949035644531e-01
4.184951484203338623e-01,2.290301208496093750e+02,5.141760110855102539e-01
2.064818739891052246e-01,1.262694778442382812e+02,8.179544806480407715e-01
4.213903248310089111e-01,7.271365356445312500e+01,9.519686102867126465e-01
6.025517582893371582e-01,2.209788665771484375e+02,5.401620864868164062e-01
8.504583835601806641e-01,1.612942199707031250e+02,9.952277541160583496e-01
5.014696717262268066e-01,1.918698577880859375e+02,6.345946788787841797e-01
9.227003455162048340e-01,1.755826873779296875e+02,9.075806140899658203e-01
-2.590864896774291992e-03,3.972673797607421875e+01,9.515956640243530273e-01
2.723926603794097900e-01,4.137023162841796875e+01,8.746328353881835938e-01
7.355591058731079102e-01,1.820977172851562500e+02,7.059612274169921875e-01
2.310423552989959717e-01,9.567641448974609375e+01,9.792639613151550293e-01
6.849359869956970215e-01,2.310187835693359375e+02,7.361006736755371094e-01
7.214081883430480957e-01,5.823867797851562500e+01,7.494572997093200684e-01
9.916843771934509277e-01,9.571025848388671875e+01,6.293611526489257812e-01
5.547564029693603516e-01,1.720390930175781250e+02,8.168624639511108398e-01
3.154999017715454102e-01,1.443522186279296875e+02,5.238100290298461914e-01
7.571133375167846680e-01,1.425576324462890625e+02,9.720751047134399414e-01
2.734321355819702148e-01,2.176028289794921875e+02,7.574292421340942383e-01
8.393657207489013672e-01,2.152075347900390625e+02,5.302935838699340820e-01
4.838046729564666748e-01,6.828070068359375000e+01,9.555802345275878906e-01
4.900044202804565430e-02,8.420935821533203125e+01,6.511061191558837891e-01
3.167968690395355225e-01,1.653805847167968750e+02,5.725461244583129883e-01
4.037352800369262695e-01,1.299782409667968750e+02,8.883201479911804199e-01
7.256506681442260742e-01,1.733600006103515625e+02,5.610157847404479980e-01
4.016632139682769775e-01,1.328989257812500000e+02,5.992672443389892578e-01
4.460197687149047852e-01,2.113476562500000000e+02,8.834585547447204590e-01
3.385661244392395020e-01,1.526745147705078125e+02,9.776011705398559570e-01
4.549871683120727539e-01,4.256494140625000000e+01,6.914538145065307617e-01
1.604415774345397949e-01,2.494988555908203125e+02,7.633492946624755859e-01
3.842967748641967773e-01,1.477132568359375000e+02,9.759390354156494141e-01
4.805073738098144531e-01,2.003231048583984375e+02,6.240903139114379883e-01
4.705801606178283691e-01,1.080223693847656250e+02,5.675316452980041504e-01
2.916704118251800537e-01,1.938701934814453125e+02,8.635538816452026367e-01
1.278463006019592285e-01,2.103056335449218750e+02,6.527076959609985352e-01
4.756883382797241211e-01,1.159028167724609375e+02,8.254950046539306641e-01
3.724114894866943359e-01,1.870986328125000000e+02,8.977508544921875000e-01
8.182413578033447266e-01,1.924372711181640625e+02,5.156719684600830078e-01
5.697059631347656250e-01,8.415901184082031250e+01,7.279244661331176758e-01
3.911867141723632812e-01,2.256872863769531250e+02,5.637401342391967773e-01
5.284410119056701660e-01,1.758874969482421875e+02,7.843785285949707031e-01
4.016629457473754883e-01,1.380772705078125000e+02,6.413974761962890625e-01
7.955732345581054688e-01,2.012855377197265625e+02,5.474570989608764648e-01
6.502326130867004395e-01,6.814020538330078125e+01,5.089034438133239746e-01
2.196565568447113037e-01,1.832914123535156250e+02,6.544342041015625000e-01
6.622207164764404297e-01,3.364253616333007812e+01,9.610126614570617676e-01
6.186637878417968750e-01,1.380627288818359375e+02,8.646167516708374023e-01
7.739015817642211914e-01,9.705091857910156250e+01,5.824312567710876465e-01
3.279713392257690430e-01,2.130504150390625000e+02,5.710029006004333496e-01
3.833597898483276367e-02,1.902556915283203125e+02,7.728903889656066895e-01
7.235615849494934082e-01,1.905398559570312500e+02,7.690815925598144531e-01
5.000745058059692383e-01,3.983131027221679688e+01,5.352905988693237305e-01
8.994388580322265625e-01,4.057053756713867188e+01,5.616738796234130859e-01
2.523456513881683350e-01,2.822549438476562500e+01,5.516360402107238770e-01
9.479275345802307129e-02,1.320322265625000000e+02,8.242914080619812012e-01
9.284052848815917969e-01,3.374850463867187500e+01,6.878492236137390137e-01
7.434098720550537109e-01,1.753978576660156250e+02,6.448805928230285645e-01
4.691976010799407959e-01,1.458636016845703125e+02,8.839173316955566406e-01
3.372071683406829834e-01,1.533267669677734375e+02,8.257716298103332520e-01
5.145229697227478027e-01,1.021901550292968750e+02,9.116532802581787109e-01
8.648124337196350098e-02,2.810872077941894531e+01,8.823913335800170898e-01
8.761823177337646484e-02,7.889033508300781250e+01,6.769275069236755371e-01
9.345841407775878906e-02,1.860211029052734375e+02,6.749153733253479004e-01
4.421229064464569092e-01,1.922030487060546875e+02,8.208889961242675781e-01
-1.959359645843505773e-03,7.132746124267578125e+01,6.002689599990844727e-01
2.628346085548400879e-01,2.032253570556640625e+02,8.491086363792419434e-01
8.595806360244750977e-01,2.381750946044921875e+02,5.778374075889587402e-01
4.583221077919006348e-01,2.025087280273437500e+02,5.187561511993408203e-01
7.501102089881896973e-01,1.901430358886718750e+02,8.060548901557922363e-01
6.783770322799682617e-01,1.656729431152343750e+02,9.664283990859985352e-01
4.545153677463531494e-01,1.026438217163085938e+02,5.203698277473449707e-01
7.488527297973632812e-01,4.138714599609375000e+01,6.806814074516296387e-01
6.958997249603271484e-01,1.764686889648437500e+02,7.609701752662658691e-01
8.428071737289428711e-01,1.836972808837890625e+02,9.684545993804931641e-01
6.397475004196166992e-01,1.907099609375000000e+02,8.554007411003112793e-01
8.784642815589904785e-01,1.626718444824218750e+02,8.114596605300903320e-01
9.740164875984191895e-02,1.416095123291015625e+02,6.721317768096923828e-01
2.832663059234619141e-01,1.409924468994140625e+02,5.635092854499816895e-01
6.584322452545166016e-01,1.778785247802734375e+02,6.833708286285400391e-01
4.017207324504852295e-01,1.917942962646484375e+02,8.230779767036437988e-01
6.108499765396118164e-01,4.571666336059570312e+01,6.864050626754760742e-01
2.796276807785034180e-01,1.288385772705078125e+02,7.869822978973388672e-01
6.114384531974792480e-02,5.459402465820312500e+01,6.828800439834594727e-01
8.618884086608886719e-01,2.076850585937500000e+02,8.302640318870544434e-01
7.083649635314941406e-01,1.229924697875976562e+02,6.161157488822937012e-01
6.574942469596862793e-01,8.545761871337890625e+01,5.601113438606262207e-01
5.167722105979919434e-01,1.939249572753906250e+02,8.891125321388244629e-01
3.525573313236236572e-01,2.324814910888671875e+02,6.642068624496459961e-01
8.454964160919189453e-01,1.505405426025390625e+02,8.457399010658264160e-01
9.147257804870605469e-01,8.563354492187500000e+01,6.943272948265075684e-01
7.289587259292602539e-01,1.540952148437500000e+02,5.640995502471923828e-01
3.686310350894927979e-01,1.408449249267578125e+02,8.689708709716796875e-01
8.121727705001831055e-01,9.700263977050781250e+01,6.289487481117248535e-01
2.591729760169982910e-01,5.705655670166015625e+01,5.988149642944335938e-01
1.928300857543945312e-01,6.305945587158203125e+01,8.722373247146606445e-01
2.636401653289794922e-01,1.916700592041015625e+02,6.968303322792053223e-01
8.825090527534484863e-02,6.113911056518554688e+01,9.443085193634033203e-01
2.837076187133789062e-01,1.784238739013671875e+02,8.389258980751037598e-01
8.945738673210144043e-01,1.508755187988281250e+02,8.632330894470214844e-01
8.309832215309143066e-01,1.628999633789062500e+02,8.493829965591430664e-01
8.341382741928100586e-01,1.951072540283203125e+02,7.916638851165771484e-01
8.397607803344726562e-01,2.124596557617187500e+02,8.286509513854980469e-01
9.947368502616882324e-02,1.452485046386718750e+02,6.203595995903015137e-01
4.886874556541442871e-02,1.150463714599609375e+02,9.708792567253112793e-01
3.630433976650238037e-01,6.992421722412109375e+01,5.198131203651428223e-01
7.624955773353576660e-01,1.049908523559570312e+02,6.795865297317504883e-01
3.011577129364013672e-01,1.202489776611328125e+02,9.621186256408691406e-01
2.783014178276062012e-01,2.614705848693847656e+01,7.872617840766906738e-01
6.834233403205871582e-01,5.397745513916015625e+01,7.163490056991577148e-01
7.250643372535705566e-01,1.519320068359375000e+02,9.587425589561462402e-01
4.147452116012573242e-01,1.436746978759765625e+02,9.840789437294006348e-01
6.280146241188049316e-01,2.213151245117187500e+02,8.194607496261596680e-01
1.033459603786468506e-01,2.067146759033203125e+02,7.913143038749694824e-01
9.924036264419555664e-02,2.366109008789062500e+02,8.812911510467529297e-01
8.973607420921325684e-02,2.075739288330078125e+02,6.505959033966064453e-01
2.332348227500915527e-01,2.153527984619140625e+02,9.704620838165283203e-01
3.740619421005249023e-01,1.815034027099609375e+02,5.690040588378906250e-01
2.382704019546508789e-01,1.476863861083984375e+02,6.869386434555053711e-01
9.107121825218200684e-01,1.818821105957031250e+02,9.502058029174804688e-01
6.418125629425048828e-01,1.780763702392578125e+02,9.109774827957153320e-01
4.798166453838348389e-01,1.911884002685546875e+02,6.281753778457641602e-01
8.009878396987915039e-01,2.073730010986328125e+02,6.647192239761352539e-01
7.715888023376464844e-01,1.941497344970703125e+02,6.716454029083251953e-01
7.912029027938842773e-01,1.139421081542968750e+02,9.009228944778442383e-01
2.328603565692901611e-01,1.977287902832031250e+02,8.341324925422668457e-01
5.836193561553955078e-01,1.035894622802734375e+02,9.365344643592834473e-01
8.709609508514404297e-03,1.284584655761718750e+02,6.082356572151184082e-01
6.537256240844726562e-01,2.090988922119140625e+02,8.732897043228149414e-01
6.471754312515258789e-01,1.951204071044921875e+02,5.195239186286926270e-01
7.292640209197998047e-01,1.370866699218750000e+02,6.004165410995483398e-01
2.427406013011932373e-01,2.128064880371093750e+02,9.695457220077514648e-01
2.167452573776245117e-01,2.090014038085937500e+02,8.991446495056152344e-01
5.516173243522644043e-01,1.819164886474609375e+02,6.107132434844970703e-01
4.337888956069946289e-01,1.636828308105468750e+02,5.709817409515380859e-01
2.628633379936218262e-01,1.012618408203125000e+02,5.429332852363586426e-01
3.194383084774017334e-01,2.161757202148437500e+02,7.272433042526245117e-01
8.162426948547363281e-01,4.904954910278320312e+01,8.208528161048889160e-01
3.985762596130371094e-03,1.189447555541992188e+02,7.049632072448730469e-01
5.751369595527648926e-01,1.611214447021484375e+02,8.013831377029418945e-01
8.395629525184631348e-01,1.871633605957031250e+02,5.812873840332031250e-01
1.539800167083740234e-01,1.297769775390625000e+02,8.854830265045166016e-01
9.326995611190795898e-01,1.659480590820312500e+02,9.012332558631896973e-01
8.652330636978149414e-01,5.362178421020507812e+01,9.526580572128295898e-01
6.785851120948791504e-01,2.276455078125000000e+02,6.676632761955261230e-01
8.502770066261291504e-01,2.084347381591796875e+02,6.622959971427917480e-01
3.429442048072814941e-01,1.274552993774414062e+02,5.381671786308288574e-01
1.737979948520660400e-01,8.459374237060546875e+01,6.520226001739501953e-01
3.710024654865264893e-01,1.230686950683593750e+02,8.117128014564514160e-01
3.497235178947448730e-01,2.221322937011718750e+02,8.007770776748657227e-01
7.619755268096923828e-01,1.712773590087890625e+02,8.813774585723876953e-01
4.184670150279998779e-01,1.262284851074218750e+02,8.190501928329467773e-01
7.869414687156677246e-01,1.730899200439453125e+02,8.779827356338500977e-01
4.851843118667602539e-01,1.975570831298828125e+02,7.069152593612670898e-01
-6.359517574310302734e-03,1.969355773925781250e+02,7.894645929336547852e-01
6.596779823303222656e-01,1.395632171630859375e+02,9.314723610877990723e-01
1.278412938117980957e-01,1.458014373779296875e+02,6.021987795829772949e-01
5.995020866394042969e-01,1.937070159912109375e+02,6.600314378738403320e-01
7.547459006309509277e-01,2.277326202392578125e+02,5.799222588539123535e-01
4.149761795997619629e-01,6.235809326171875000e+01,5.553073883056640625e-01
1.630449295043945312e-02,7.253514099121093750e+01,9.308322668075561523e-01
4.853955209255218506e-01,2.069148864746093750e+02,9.022758007049560547e-01
5.001920461654663086e-01,1.146155624389648438e+02,5.123142004013061523e-01
6.124164462089538574e-01,2.180249938964843750e+02,5.447620153427124023e-01
9.455733299255371094e-01,1.696160278320312500e+02,9.513180255889892578e-01
3.222759366035461426e-01,2.024483642578125000e+02,8.233163356781005859e-01
2.946216464042663574e-01,1.648616333007812500e+02,9.646072387695312500e-01
3.830787837505340576e-01,2.165852508544921875e+02,7.971818447113037109e-01
5.351821184158325195e-01,9.918688964843750000e+01,6.853586435317993164e-01
7.459995150566101074e-02,6.587621307373046875e+01,9.690818786621093750e-01
4.401628673076629639e-01,9.707409667968750000e+01,9.450181722640991211e-01
6.679986715316772461e-01,1.869422454833984375e+02,9.846412539482116699e-01
8.930585384368896484e-01,1.517685089111328125e+02,9.716045856475830078e-01
2.509815692901611328e-01,2.025361328125000000e+02,9.787690639495849609e-01
6.058865189552307129e-01,2.113967132568359375e+02,5.232668519020080566e-01
4.090641140937805176e-01,1.052546005249023438e+02,9.860740900039672852e-01
4.928128421306610107e-01,9.424187469482421875e+01,7.940658330917358398e-01
1.394746601581573486e-01,4.160646057128906250e+01,7.573289871215820312e-01
2.200261354446411133e-01,1.542859191894531250e+02,5.537266731262207031e-01
7.551964521408081055e-01,1.381685485839843750e+02,7.146068811416625977e-01
3.798191249370574951e-01,2.077804107666015625e+02,9.366528391838073730e-01
3.237658143043518066e-01,5.260960388183593750e+01,8.566428422927856445e-01
8.804407715797424316e-01,1.692077026367187500e+02,9.584335684776306152e-01
4.726711511611938477e-01,8.629712677001953125e+01,8.627603054046630859e-01
9.726781845092773438e-01,1.349810333251953125e+02,8.818440437316894531e-01
1.451240479946136475e-01,2.153078918457031250e+02,7.308361530303955078e-01
4.558556377887725830e-01,9.545067596435546875e+01,9.961326122283935547e-01
1.284240484237670898e-01,1.848013458251953125e+02,5.190207958221435547e-01
6.550678014755249023e-01,1.500972747802734375e+02,9.390337467193603516e-01
2.809503674507141113e-01,1.383987884521484375e+02,8.475136756896972656e-01
3.807880580425262451e-01,1.016224517822265625e+02,9.438475370407104492e-01
5.426730513572692871e-01,1.024627075195312500e+02,7.528202533721923828e-01
6.154079437255859375e-01,1.683599090576171875e+02,8.453485965728759766e-01
1.867651939392089844e-03,7.028946685791015625e+01,8.393932580947875977e-01
3.826506733894348145e-01,1.280082092285156250e+02,9.721989035606384277e-01
4.828604757785797119e-01,1.763695373535156250e+02,5.633100867271423340e-01
7.281640172004699707e-01,1.808862762451171875e+02,9.269791245460510254e-01
9.234048128128051758e-01,4.157424163818359375e+01,7.943444252014160156e-01
9.150671362876892090e-01,1.852363128662109375e+02,8.918731212615966797e-01
5.652240514755249023e-01,1.214216690063476562e+02,9.872242212295532227e-01
6.825410723686218262e-01,2.071770629882812500e+02,8.565946817398071289e-01
3.898936510086059570e-01,8.167132568359375000e+01,8.654422760009765625e-01
1.220559775829315186e-01,1.122228546142578125e+02,5.514567494392395020e-01
5.327075123786926270e-01,2.049204559326171875e+02,8.093389272689819336e-01
1.665053069591522217e-01,4.329173660278320312e+01,8.303021192550659180e-01
8.410296440124511719e-01,7.027304840087890625e+01,9.119645953178405762e-01
1.829557716846466064e-01,2.166751861572265625e+02,7.314045429229736328e-01
5.211815834045410156e-01,1.961406250000000000e+02,9.833642244338989258e-01
9.350943565368652344e-01,1.649326324462890625e+02,9.274657964706420898e-01
1.044447183609008789e+00,2.806237220764160156e+01,8.586556315422058105e-01
8.289240002632141113e-01,2.258811645507812500e+02,9.395583868026733398e-01
3.520404398441314697e-01,1.076244354248046875e+02,7.694815397262573242e-01
8.384720683097839355e-01,1.735331726074218750e+02,9.016593694686889648e-01
2.756656408309936523e-01,1.909238586425781250e+02,7.902524471282958984e-01
2.194468379020690918e-01,4.713910675048828125e+01,5.307292342185974121e-01
3.946516513824462891e-01,2.395919342041015625e+02,7.545166611671447754e-01
6.424344182014465332e-01,2.018744506835937500e+02,6.775158047676086426e-01
8.703089356422424316e-01,1.897724761962890625e+02,7.014493346214294434e-01
7.405781745910644531e-01,1.220258941650390625e+02,5.843878388404846191e-01
4.171469807624816895e-01,3.999877166748046875e+01,7.315186262130737305e-01
-1.186430454254150391e-04,1.121209640502929688e+02,6.529104709625244141e-01
5.420821905136108398e-02,9.610176086425781250e+01,8.998814821243286133e-01
5.070650577545166016e-02,5.043980407714843750e+01,8.409105539321899414e-01
2.843872904777526855e-01,6.688545989990234375e+01,5.312523841857910156e-01
5.096759200096130371e-01,1.192900009155273438e+02,5.670126676559448242e-01
9.030289053916931152e-01,1.348082885742187500e+02,9.905778169631958008e-01
5.430591702461242676e-01,5.554521179199218750e+01,9.754002094268798828e-01
2.659808397293090820e-01,1.364028625488281250e+02,5.544668436050415039e-01
1.981894671916961670e-01,4.613224792480468750e+01,9.760630130767822266e-01
4.804159402847290039e-01,2.062651519775390625e+02,9.862930178642272949e-01
8.340247273445129395e-01,1.711998291015625000e+02,7.922972440719604492e-01
3.158285021781921387e-01,9.420374298095703125e+01,6.226603388786315918e-01
4.373925924301147461e-02,1.580950927734375000e+02,7.598640322685241699e-01
7.550461888313293457e-01,1.595568695068359375e+02,8.954190015792846680e-01
6.429228782653808594e-01,1.811977539062500000e+02,5.255359411239624023e-01
6.970394849777221680e-01,1.821248168945312500e+02,9.399292469024658203e-01
4.757913351058959961e-01,1.705230712890625000e+02,6.865615844726562500e-01
8.121322989463806152e-01,1.471895294189453125e+02,9.105908870697021484e-01
4.824848771095275879e-01,1.011122894287109375e+02,7.221003770828247070e-01
5.745387673377990723e-01,7.317591094970703125e+01,5.933738350868225098e-01
3.815660774707794189e-01,6.405722045898437500e+01,5.037716627120971680e-01
4.375900328159332275e-01,8.878720855712890625e+01,7.353358864784240723e-01
1.292034089565277100e-01,1.789591064453125000e+02,8.942791223526000977e-01
4.401001930236816406e-01,4.679231643676757812e+01,5.542103648185729980e-01
7.407501935958862305e-01,1.716308898925781250e+02,8.111801147460937500e-01
5.328550338745117188e-01,4.124599456787109375e+01,5.827257037162780762e-01
6.419596076011657715e-01,1.509022674560546875e+02,6.959827542304992676e-01
5.183851718902587891e-01,2.096262207031250000e+02,7.964134216308593750e-01
5.621725916862487793e-01,1.013513031005859375e+02,9.833896160125732422e-01
2.486601769924163818e-01,1.001435546875000000e+02,9.232916831970214844e-01
3.328818678855895996e-01,1.844185943603515625e+02,8.282985687255859375e-01
6.239711642265319824e-01,9.645681762695312500e+01,6.884700059890747070e-01
5.509761571884155273e-01,1.854798583984375000e+02,9.490690827369689941e-01
6.659370660781860352e-01,1.151738815307617188e+02,6.837925910949707031e-01
6.511548161506652832e-01,2.088296203613281250e+02,5.927718877792358398e-01
8.646168708801269531e-01,1.344536132812500000e+02,6.969032883644104004e-01
2.116622328758239746e-01,5.261848831176757812e+01,9.539392590522766113e-01
7.039453983306884766e-01,1.500691833496093750e+02,5.155177712440490723e-01
2.407264113426208496e-01,1.570006408691406250e+02,5.678136944770812988e-01
8.392966985702514648e-01,2.834397888183593750e+01,5.451756715774536133e-01
2.171495854854583740e-01,1.204843368530273438e+02,6.379075646400451660e-01
2.916617393493652344e-01,3.017544937133789062e+01,6.020716428756713867e-01
1.288093626499176025e-01,1.731764831542968750e+02,7.393278479576110840e-01
7.255167961120605469e-01,1.307726287841796875e+02,5.724443197250366211e-01
8.319423198699951172e-01,7.159688568115234375e+01,8.040111064910888672e-01
8.354306221008300781e-02,1.060347824096679688e+02,9.470309019088745117e-01
3.982083201408386230e-01,1.524627227783203125e+02,7.846136093139648438e-01
6.841021776199340820e-01,1.758804168701171875e+02,6.380602121353149414e-01
4.396481513977050781e-01,6.568131256103515625e+01,5.301392078399658203e-01
2.940918207168579102e-01,2.355611572265625000e+02,5.781459212303161621e-01
1.781597733497619629e-01,1.729261322021484375e+02,5.100252032279968262e-01
6.927745938301086426e-01,3.226996612548828125e+01,7.836690545082092285e-01
4.000255167484283447e-01,1.231232833862304688e+02,7.842106819152832031e-01
3.461929559707641602e-01,1.706391143798828125e+02,5.302820801734924316e-01
8.861426115036010742e-01,6.572870635986328125e+01,8.546913862228393555e-01
5.211546421051025391e-01,9.250381469726562500e+01,9.184129238128662109e-01
3.019980788230895996e-01,8.573284149169921875e+01,9.350889325141906738e-01
5.964289903640747070e-01,6.086447143554687500e+01,7.827259302139282227e-01
2.564724683761596680e-01,2.108185882568359375e+02,7.891774177551269531e-01
6.674462556838989258e-02,1.974419250488281250e+02,9.076247811317443848e-01
4.341157972812652588e-01,1.073370895385742188e+02,7.193667888641357422e-01
7.946859598159790039e-01,2.028766479492187500e+02,8.774419426918029785e-01
6.576243042945861816e-01,2.189379730224609375e+02,7.250555753707885742e-01
8.794699907302856445e-01,2.012522125244140625e+02,6.067444086074829102e-01
4.198483824729919434e-01,3.004814720153808594e+01,5.523105263710021973e-01
6.837369799613952637e-01,9.764151763916015625e+01,9.435977935791015625e-01
5.331349372863769531e-01,6.380102157592773438e+01,5.751109123229980469e-01
3.239588141441345215e-01,1.194232559204101562e+02,7.450506687164306641e-01
1.621413230895996094e-01,1.896886291503906250e+02,8.721490502357482910e-01
9.202040433883666992e-01,1.125059204101562500e+02,8.324860334396362305e-01
1.460309326648712158e-01,1.488442230224609375e+02,5.288255214691162109e-01
4.623114466667175293e-01,1.644878387451171875e+02,5.753808617591857910e-01
8.365671634674072266e-01,2.293298339843750000e+02,5.143986344337463379e-01
6.784858703613281250e-01,2.365261993408203125e+02,6.136306524276733398e-01
7.507511377334594727e-01,1.156315612792968750e+02,6.788642406463623047e-01
1.076608896255493164e-03,1.267691040039062500e+02,5.329585075378417969e-01
6.967549324035644531e-01,9.206222534179687500e+01,8.742765188217163086e-01
7.358409166336059570e-01,2.118322448730468750e+02,5.934836268424987793e-01
3.433743119239807129e-01,3.594306564331054688e+01,8.653367161750793457e-01
6.414097547531127930e-01,1.069999160766601562e+02,5.362170338630676270e-01
9.339045882225036621e-01,1.171560134887695312e+02,7.733460664749145508e-01
2.134296000003814697e-01,2.206706848144531250e+02,9.887540340423583984e-01
4.014890789985656738e-01,2.188402099609375000e+02,5.054738521575927734e-01
4.340025484561920166e-01,5.103031158447265625e+01,7.403355836868286133e-01
7.358314990997314453e-01,1.594481964111328125e+02,6.744402647018432617e-01
5.395573377609252930e-02,7.827450561523437500e+01,5.045279264450073242e-01
3.929325640201568604e-01,1.858991088867187500e+02,7.731612920761108398e-01
7.229223251342773438e-01,4.386939239501953125e+01,6.120610237121582031e-01
9.996804594993591309e-02,2.443483886718750000e+02,9.858801364898681641e-01
6.906036138534545898e-01,2.137987823486328125e+02,9.304248094558715820e-01
7.777878046035766602e-01,2.036410064697265625e+02,6.643777489662170410e-01
5.586829185485839844e-01,1.929672851562500000e+02,5.195360779762268066e-01
6.552069783210754395e-01,2.013937988281250000e+02,5.867034196853637695e-01
8.369147777557373047e-01,2.678199768066406250e+01,6.681740283966064453e-01
7.579683065414428711e-01,4.904559707641601562e+01,9.344547986984252930e-01
9.014769792556762695e-01,1.782106475830078125e+02,7.647980451583862305e-01
3.679566979408264160e-01,2.151180419921875000e+02,6.889914870262145996e-01
1.614877283573150635e-01,1.472831115722656250e+02,8.144252300262451172e-01
-1.733595132827758876e-03,1.723523559570312500e+02,8.631696701049804688e-01
6.695628166198730469e-01,7.027587127685546875e+01,9.923785924911499023e-01
8.041149377822875977e-01,1.612107238769531250e+02,8.013514280319213867e-01
2.593818306922912598e-01,9.136631774902343750e+01,5.794580578804016113e-01
3.629716336727142334e-01,8.732616424560546875e+01,6.342994570732116699e-01
6.458525657653808594e-01,2.094415893554687500e+02,5.652529597282409668e-01
7.715240716934204102e-01,1.868145904541015625e+02,6.629635691642761230e-01
1.202326118946075439e-01,1.224015731811523438e+02,9.125990271568298340e-01
1.656433939933776855e-02,9.767388916015625000e+01,5.411248803138732910e-01
5.038481950759887695e-02,7.748030090332031250e+01,8.605980873107910156e-01
3.394832909107208252e-01,2.012423858642578125e+02,9.176583290100097656e-01
3.202925026416778564e-01,1.821040039062500000e+02,5.688434839248657227e-01
5.048035383224487305e-01,9.183991241455078125e+01,5.821141004562377930e-01
7.730385065078735352e-01,1.183289947509765625e+02,8.464106321334838867e-01
7.105717062950134277e-02,1.874210205078125000e+02,6.391422748565673828e-01
6.654488444328308105e-01,2.100772705078125000e+02,6.435202360153198242e-01
1.206865310668945312e-01,4.551359558105468750e+01,6.392977833747863770e-01
6.042694449424743652e-01,1.283793487548828125e+02,7.990090250968933105e-01
7.934373617172241211e-01,1.580243377685546875e+02,9.953390359878540039e-01
6.529619693756103516e-01,3.480412292480468750e+01,8.889738321304321289e-01
8.431349396705627441e-01,1.535320892333984375e+02,6.730971932411193848e-01
6.116074323654174805e-01,1.174404220581054688e+02,8.337363004684448242e-01
8.844687342643737793e-01,1.463419189453125000e+02,8.192223310470581055e-01
9.055435657501220703e-02,5.706077194213867188e+01,8.425372838973999023e-01
1.122900545597076416e-01,2.344459991455078125e+02,9.633921384811401367e-01
7.754150629043579102e-01,1.812133941650390625e+02,6.523911952972412109e-01
3.746480345726013184e-01,5.057263946533203125e+01,7.786912918090820312e-01
1.294248700141906738e-01,2.105299987792968750e+02,5.537748932838439941e-01
6.594704985618591309e-01,1.742075958251953125e+02,5.763056874275207520e-01
4.724929630756378174e-01,1.180973663330078125e+02,6.045978069305419922e-01
8.356487751007080078e-01,4.971923065185546875e+01,7.903674840927124023e-01
7.846891880035400391e-01,1.835816497802734375e+02,7.568949460983276367e-01
3.888695836067199707e-01,2.188161773681640625e+02,9.314767122268676758e-01
2.545522451400756836e-01,1.973165283203125000e+02,8.570202589035034180e-01
3.732534646987915039e-01,2.111891937255859375e+02,7.825206518173217773e-01
5.326880812644958496e-01,4.726084136962890625e+01,5.427145957946777344e-01
2.474184036254882812e-01,2.648745155334472656e+01,7.742488980293273926e-01
6.712749004364013672e-01,1.985404205322265625e+02,5.730873346328735352e-01
5.715555548667907715e-01,6.378974151611328125e+01,9.595001935958862305e-01
3.069948554039001465e-01,2.155463104248046875e+02,7.485242486000061035e-01
5.970364809036254883e-01,1.036547241210937500e+02,7.175455093383789062e-01
9.076298475265502930e-01,1.848569030761718750e+02,9.431397914886474609e-01
7.940995693206787109e-02,7.459569549560546875e+01,5.342949032783508301e-01
8.528194427490234375e-01,1.464463958740234375e+02,7.921166419982910156e-01
5.310127735137939453e-01,1.875610504150390625e+02,9.823987483978271484e-01
7.720065116882324219e-01,1.816267547607421875e+02,8.766871690750122070e-01
4.090429544448852539e-01,5.718869018554687500e+01,7.378515005111694336e-01
9.937156438827514648e-01,6.393497467041015625e+01,8.311747908592224121e-01
6.365564465522766113e-01,2.313805847167968750e+02,5.526970624923706055e-01
4.869948029518127441e-01,2.929834365844726562e+01,5.740644931793212891e-01
5.483597517013549805e-03,8.752512359619140625e+01,9.025828242301940918e-01
3.908919394016265869e-01,1.877482147216796875e+02,9.845486879348754883e-01
5.884472131729125977e-01,7.658002471923828125e+01,8.720051646232604980e-01
3.153288364410400391e-01,1.713186492919921875e+02,6.502774953842163086e-01
7.849135398864746094e-01,5.511460494995117188e+01,5.962473154067993164e-01
8.216999769210815430e-01,7.238665008544921875e+01,7.169187664985656738e-01
6.566551923751831055e-01,1.650837707519531250e+02,8.129478693008422852e-01
5.214560031890869141e-01,1.239957122802734375e+02,5.943769812583923340e-01
3.141106963157653809e-01,1.780283203125000000e+02,8.816471695899963379e-01
3.905353844165802002e-01,2.135106964111328125e+02,7.942354679107666016e-01
3.763046860694885254e-01,1.032970123291015625e+02,7.552324533462524414e-01
5.829780697822570801e-01,5.577194595336914062e+01,7.179228067398071289e-01
-1.595020294189453261e-05,4.853041458129882812e+01,6.433724761009216309e-01
5.921524763107299805e-02,2.426390228271484375e+02,6.305746436119079590e-01
7.055235505104064941e-01,2.305042724609375000e+02,7.190029621124267578e-01
4.593642055988311768e-01,1.960437164306640625e+02,7.092245221138000488e-01
6.810500621795654297e-01,1.193796386718750000e+02,5.778693556785583496e-01
7.252055406570434570e-01,1.202828750610351562e+02,7.218964099884033203e-01
5.246428847312927246e-01,1.054076919555664062e+02,5.939908623695373535e-01
1.048925757408142090e+00,4.561379623413085938e+01,6.013619899749755859e-01
2.025718688964843750e-01,1.630275573730468750e+02,5.644823908805847168e-01
6.328659057617187500e-01,1.990180358886718750e+02,8.881896138191223145e-01
8.924934864044189453e-01,1.367977294921875000e+02,9.342799186706542969e-01
2.010014653205871582e-01,1.062680587768554688e+02,6.776775717735290527e-01
8.376749753952026367e-01,2.036066436767578125e+02,9.425565004348754883e-01
5.272356271743774414e-01,1.832166137695312500e+02,8.518540263175964355e-01
7.859246134757995605e-01,1.656544342041015625e+02,7.272875308990478516e-01
7.448145747184753418e-01,1.406168212890625000e+02,9.192095994949340820e-01
4.104925692081451416e-01,1.671186065673828125e+02,6.678304076194763184e-01
6.116744279861450195e-01,4.299693679809570312e+01,9.683482646942138672e-01
1.163823604583740234e-01,6.009997558593750000e+01,5.279021263122558594e-01
4.239374399185180664e-02,1.526190032958984375e+02,7.358287572860717773e-01
9.096227884292602539e-01,2.025786590576171875e+02,7.137221097946166992e-01
4.179838895797729492e-01,9.170317840576171875e+01,9.416697025299072266e-01
6.835128068923950195e-01,1.419544830322265625e+02,5.125990509986877441e-01
5.860576629638671875e-01,2.199044494628906250e+02,8.011727333068847656e-01
2.949176430702209473e-01,1.597454071044921875e+02,5.862401723861694336e-01
2.132853865623474121e-01,2.686466217041015625e+01,7.359191775321960449e-01
9.047856926918029785e-02,1.622523040771484375e+02,7.013447284698486328e-01
5.332744717597961426e-01,1.154413909912109375e+02,6.437099575996398926e-01
6.355319023132324219e-01,2.327667236328125000e+02,6.499928236007690430e-01
2.026179432868957520e-02,7.773975372314453125e+01,8.796515464782714844e-01
1.992193460464477539e-01,8.435537719726562500e+01,7.230216264724731445e-01
6.201629042625427246e-01,3.976791763305664062e+01,9.558839797973632812e-01
2.487020790576934814e-01,2.292775268554687500e+02,5.078138113021850586e-01
8.927398920059204102e-01,1.768610687255859375e+02,6.372975707054138184e-01
3.386375308036804199e-01,1.434889831542968750e+02,5.694335699081420898e-01
1.635944545269012451e-01,6.516477203369140625e+01,5.192934274673461914e-01
1.716078519821166992e-01,1.608438568115234375e+02,5.155873298645019531e-01
5.063586235046386719e-01,8.865640258789062500e+01,8.699271082878112793e-01
6.515750288963317871e-01,1.764005889892578125e+02,6.260179877281188965e-01
-2.923125028610229579e-03,1.736346282958984375e+02,9.196214675903320312e-01
4.133997857570648193e-01,1.360182800292968750e+02,8.799122571945190430e-01
1.981328129768371582e-01,2.018764953613281250e+02,9.313095211982727051e-01
4.535013437271118164e-01,1.921515960693359375e+02,8.963142037391662598e-01
-1.681071519851684614e-03,2.007508544921875000e+02,9.143929481506347656e-01
8.288681507110595703e-03,3.324816131591796875e+01,9.745209217071533203e-01
7.530341148376464844e-01,1.827236175537109375e+02,9.678586721420288086e-01
8.601565957069396973e-01,2.028087005615234375e+02,7.875953316688537598e-01
8.092380762100219727e-01,1.491454467773437500e+02,5.328347086906433105e-01
9.470276236534118652e-01,1.469221954345703125e+02,6.724747419357299805e-01
5.728178024291992188e-01,9.528233337402343750e+01,6.754557490348815918e-01
3.667657375335693359e-01,2.150187988281250000e+02,8.153108954429626465e-01
3.164959251880645752e-01,1.286371612548828125e+02,6.012666225433349609e-01
9.021810293197631836e-01,1.632734832763671875e+02,6.330722570419311523e-01
9.604834318161010742e-01,3.082110404968261719e+01,7.667686343193054199e-01
1.009551763534545898e+00,1.683025054931640625e+02,8.360486030578613281e-01
3.286376297473907471e-01,7.805513000488281250e+01,6.620138287544250488e-01
3.225166201591491699e-01,1.627883758544921875e+02,5.233981013298034668e-01
6.993640661239624023e-01,3.877659606933593750e+01,9.052516222000122070e-01
9.736478328704833984e-02,4.827609252929687500e+01,9.792345166206359863e-01
9.031281471252441406e-01,2.013968353271484375e+02,9.907645583152770996e-01
2.599283456802368164e-01,1.354994049072265625e+02,7.851271629333496094e-01
1.107854545116424561e-01,1.602725372314453125e+02,6.150680780410766602e-01
4.378694891929626465e-01,1.081498947143554688e+02,8.590555191040039062e-01
2.291621565818786621e-01,2.335600585937500000e+02,6.574289798736572266e-01
7.906827330589294434e-01,1.510605926513671875e+02,5.079292058944702148e-01
6.063827276229858398e-01,2.128871459960937500e+02,7.826478481292724609e-01
6.924411654472351074e-01,2.158619232177734375e+02,6.959863305091857910e-01
8.129341602325439453e-01,1.808432159423828125e+02,6.166137456893920898e-01
1.292676925659179688e-01,1.840846252441406250e+02,7.932260036468505859e-01
7.894272208213806152e-01,1.858019561767578125e+02,9.123557806015014648e-01
5.114820599555969238e-01,4.503022003173828125e+01,8.531612157821655273e-01
-2.399194240570068533e-03,2.009311676025390625e+02,7.456427216529846191e-01
9.382290840148925781e-01,1.401005859375000000e+02,5.370138883590698242e-01
9.657741785049438477e-01,1.446285400390625000e+02,9.266468286514282227e-01
8.410195112228393555e-01,3.035641098022460938e+01,7.653158903121948242e-01
7.514417171478271484e-01,1.005812225341796875e+02,7.080845236778259277e-01
5.214731693267822266e-01,1.741743316650390625e+02,6.831249594688415527e-01
1.965430378913879395e-02,8.963159942626953125e+01,8.387337923049926758e-01
5.804687142372131348e-01,2.110911865234375000e+02,8.309454917907714844e-01
1.034544706344604492e-01,1.247902908325195312e+02,8.104751110076904297e-01
9.501447677612304688e-01,1.587983856201171875e+02,5.385579466819763184e-01
2.301593720912933350e-01,2.158533935546875000e+02,9.011231660842895508e-01
2.273566722869873047e-01,1.867992401123046875e+02,9.909747838973999023e-01
1.973216235637664795e-01,3.066833305358886719e+01,5.742692351341247559e-01
4.437574446201324463e-01,1.689438018798828125e+02,9.723070859909057617e-01
5.266547799110412598e-01,1.000146789550781250e+02,6.048197746276855469e-01
1.987307667732238770e-01,1.874754791259765625e+02,8.511580824851989746e-01
8.365534543991088867e-01,1.954115295410156250e+02,7.605849504470825195e-01
2.330747544765472412e-01,4.154159164428710938e+01,9.836251735687255859e-01
9.097788333892822266e-01,1.347336578369140625e+02,5.660554766654968262e-01
4.728347659111022949e-01,2.815309715270996094e+01,8.316683769226074219e-01
8.848726749420166016e-03,7.078680419921875000e+01,8.707231283187866211e-01
5.374706387519836426e-01,3.203322982788085938e+01,7.703475952148437500e-01
3.753474354743957520e-01,8.990647888183593750e+01,6.774265170097351074e-01
6.135714054107666016e-01,2.963549804687500000e+01,9.852043986320495605e-01
2.606482505798339844e-01,1.006162719726562500e+02,8.221424221992492676e-01
2.800258100032806396e-01,2.120247802734375000e+02,7.198923826217651367e-01
1.713967323303222656e-02,1.499257507324218750e+02,9.549964666366577148e-01
5.951561331748962402e-01,1.826956939697265625e+02,5.023388862609863281e-01
4.653551578521728516e-01,1.990882720947265625e+02,5.664893388748168945e-01
3.464535772800445557e-01,2.218373107910156250e+02,5.116026401519775391e-01
5.361565351486206055e-01,1.964428253173828125e+02,7.784598469734191895e-01
2.150386571884155273e-01,1.916506195068359375e+02,9.503046274185180664e-01
3.738444745540618896e-01,1.341610717773437500e+02,6.989909410476684570e-01
2.317694723606109619e-01,4.806295013427734375e+01,5.783166885375976562e-01
3.304892778396606445e-02,7.640044403076171875e+01,5.351544618606567383e-01
3.582007884979248047e-01,1.658826751708984375e+02,5.527368187904357910e-01
3.041297197341918945e-01,2.159960021972656250e+02,5.374228954315185547e-01
4.124026000499725342e-01,4.869237899780273438e+01,6.188631653785705566e-01
8.872857689857482910e-01,1.501748657226562500e+02,5.023680925369262695e-01
4.900398850440979004e-01,2.180449104309082031e+01,6.156556010246276855e-01
6.120776534080505371e-01,1.221451492309570312e+02,7.786831855773925781e-01
6.984029412269592285e-01,2.259303436279296875e+02,8.054744005203247070e-01
5.742079615592956543e-01,1.565864562988281250e+02,8.374792337417602539e-01
5.309633016586303711e-01,2.088816375732421875e+02,8.827983140945434570e-01
3.890965878963470459e-01,2.045829162597656250e+02,7.015051841735839844e-01
6.609584093093872070e-01,1.853258666992187500e+02,7.435402870178222656e-01
5.497061610221862793e-01,2.093957977294921875e+02,7.860707044601440430e-01
7.298985719680786133e-01,1.536663970947265625e+02,7.140604257583618164e-01
1.565905213356018066e-01,3.039470672607421875e+01,9.684250354766845703e-01
2.605258822441101074e-01,2.559093284606933594e+01,5.620954632759094238e-01
2.662858664989471436e-01,4.902069091796875000e+01,9.064178466796875000e-01
4.111337363719940186e-01,3.255534362792968750e+01,8.173552155494689941e-01
6.135635375976562500e-01,1.694255065917968750e+02,7.164312005043029785e-01
5.839514732360839844e-01,2.154439239501953125e+02,9.104669094085693359e-01
5.091552734375000000e-01,1.011995773315429688e+02,5.269263386726379395e-01
4.360078573226928711e-01,6.363096237182617188e+01,6.967995762825012207e-01
1.077421903610229492e-01,1.211805801391601562e+02,5.667735934257507324e-01
4.029569625854492188e-01,1.879484405517578125e+02,8.248863816261291504e-01
5.822540521621704102e-01,1.754526977539062500e+02,5.971940159797668457e-01
5.984529256820678711e-01,2.009617309570312500e+02,7.913185358047485352e-01
1.755196154117584229e-01,1.816643981933593750e+02,6.574450135231018066e-01
1.486457884311676025e-01,2.117940826416015625e+02,5.582492351531982422e-01
8.170658349990844727e-01,9.985973358154296875e+01,8.408992290496826172e-01
2.680618762969970703e-01,1.643525085449218750e+02,9.349300861358642578e-01
4.776129424571990967e-01,9.014871215820312500e+01,8.142389059066772461e-01
9.617147445678710938e-01,1.564460601806640625e+02,6.744860410690307617e-01
1.828547716140747070e-01,2.081368255615234375e+02,5.988860726356506348e-01
4.202887415885925293e-01,4.047293853759765625e+01,8.218728899955749512e-01
6.226156949996948242e-01,1.462971954345703125e+02,7.347669601440429688e-01
5.346593260765075684e-01,4.483052444458007812e+01,7.109587192535400391e-01
6.003076434135437012e-01,1.841460571289062500e+02,9.398365616798400879e-01
1.611862778663635254e-01,3.221183395385742188e+01,9.583026170730590820e-01
5.700356960296630859e-01,9.420333862304687500e+01,5.132302641868591309e-01
3.027644753456115723e-01,1.680762023925781250e+02,8.974188566207885742e-01
7.452086806297302246e-01,1.745448913574218750e+02,9.390761852264404297e-01
3.402322530746459961e-03,1.690872192382812500e+02,8.954823613166809082e-01
7.678430080413818359e-01,1.683389587402343750e+02,7.772264480590820312e-01
3.630973398685455322e-01,4.409346389770507812e+01,7.238234877586364746e-01
7.019122242927551270e-01,6.827220153808593750e+01,7.630423307418823242e-01
2.752271890640258789e-01,5.849056625366210938e+01,8.681871891021728516e-01
6.676830053329467773e-01,1.958164520263671875e+02,8.558962345123291016e-01
3.151365518569946289e-01,1.440399169921875000e+02,8.556950092315673828e-01
4.328972697257995605e-01,2.311011505126953125e+02,6.438736319541931152e-01
9.077650308609008789e-01,2.150554351806640625e+02,8.017573356628417969e-01
2.926399111747741699e-01,9.313166809082031250e+01,5.762497186660766602e-01
8.554585576057434082e-01,8.269631195068359375e+01,5.286883115768432617e-01
7.143626213073730469e-01,1.554308624267578125e+02,9.362720251083374023e-01
4.581529796123504639e-01,1.108353347778320312e+02,9.800388813018798828e-01
2.051513195037841797e-01,2.075152435302734375e+02,9.218316078186035156e-01
9.556833505630493164e-01,1.748572845458984375e+02,9.054087400436401367e-01
6.173792481422424316e-02,4.896402359008789062e+01,7.664544582366943359e-01
4.440879821777343750e-02,5.921757888793945312e+01,8.777936100959777832e-01
7.207583189010620117e-01,1.841961517333984375e+02,5.759185552597045898e-01
4.189430773258209229e-01,1.109842758178710938e+02,9.721442461013793945e-01
5.379506945610046387e-01,9.222206115722656250e+01,8.811188936233520508e-01
4.730596244335174561e-01,7.514769744873046875e+01,8.233043551445007324e-01
3.837409317493438721e-01,1.707398834228515625e+02,6.435852050781250000e-01
8.917543292045593262e-01,1.645837097167968750e+02,9.917960166931152344e-01
5.807395577430725098e-01,8.160095977783203125e+01,5.917420983314514160e-01
2.107109725475311279e-01,2.066827087402343750e+02,8.825715780258178711e-01
5.406589508056640625e-01,1.718763427734375000e+02,7.779130935668945312e-01
2.057422399520874023e-01,1.280307617187500000e+02,9.596660137176513672e-01
2.095424234867095947e-01,1.114101562500000000e+02,8.018338680267333984e-01
2.482802569866180420e-01,2.096443634033203125e+02,7.092204093933105469e-01
6.879018545150756836e-01,1.869167022705078125e+02,6.087701320648193359e-01
2.042256593704223633e-01,1.847414855957031250e+02,5.162889361381530762e-01
1.033205032348632812e+00,4.701047515869140625e+01,5.305738449096679688e-01
6.940519809722900391e-02,4.139185333251953125e+01,6.773375272750854492e-01
2.910546660423278809e-01,1.791536254882812500e+02,8.241543769836425781e-01
4.020729660987854004e-01,1.473519897460937500e+02,5.184082388877868652e-01
5.250334739685058594e-01,1.480231628417968750e+02,9.635723829269409180e-01
3.925706148147583008e-01,1.465457153320312500e+02,6.195450425148010254e-01
-1.974099874496460048e-03,2.752470970153808594e+01,6.581248044967651367e-01
6.296107172966003418e-01,1.771637268066406250e+02,9.863193035125732422e-01
5.002536177635192871e-01,1.415291137695312500e+02,7.832986116409301758e-01
9.313704967498779297e-01,1.921387939453125000e+02,9.326624870300292969e-01
3.126427531242370605e-02,3.878533554077148438e+01,9.319221377372741699e-01
2.483600378036499023e-01,1.962253417968750000e+02,7.726416587829589844e-01
5.868878364562988281e-01,2.185809326171875000e+02,6.412930488586425781e-01
4.344739615917205811e-01,2.030786895751953125e+02,5.429081916809082031e-01
3.662745952606201172e-01,6.731802368164062500e+01,9.071032404899597168e-01
7.127514481544494629e-01,3.669957733154296875e+01,8.930561542510986328e-01
3.737152218818664551e-01,1.436660766601562500e+02,6.249303221702575684e-01
6.058955192565917969e-01,7.868695068359375000e+01,6.263378858566284180e-01
4.990866184234619141e-01,1.137514724731445312e+02,8.764699697494506836e-01
4.871813058853149414e-01,1.138408508300781250e+02,5.787838101387023926e-01
3.249192237854003906e-01,1.696291961669921875e+02,8.940601944923400879e-01
4.190233945846557617e-01,1.460010528564453125e+02,9.249045252799987793e-01
2.057832181453704834e-01,1.006011581420898438e+02,7.821276187896728516e-01
7.342544198036193848e-02,3.584847640991210938e+01,8.149031400680541992e-01
6.520428061485290527e-01,3.200327301025390625e+01,9.214822053909301758e-01
8.021088838577270508e-01,2.210206604003906250e+02,7.959511280059814453e-01
8.099327087402343750e-01,1.842809143066406250e+02,5.920177102088928223e-01
1.009301543235778809e-01,4.499353408813476562e+01,8.683078289031982422e-01
6.017036437988281250e-01,4.659841918945312500e+01,5.615057945251464844e-01
5.010513067245483398e-01,2.028673553466796875e+02,5.261107683181762695e-01
6.296932697296142578e-01,2.139878845214843750e+02,5.587104558944702148e-01
7.411047816276550293e-01,2.008086700439453125e+02,7.948685884475708008e-01
1.874713301658630371e-01,1.654898223876953125e+02,6.037490367889404297e-01
2.961812019348144531e-01,6.038767242431640625e+01,6.046976447105407715e-01
5.013787746429443359e-01,1.767446594238281250e+02,7.294083833694458008e-01
1.113085746765136719e-01,4.847845840454101562e+01,9.585536718368530273e-01
9.394226074218750000e-01,6.163724517822265625e+01,6.886151432991027832e-01
9.045099020004272461e-01,8.868695831298828125e+01,7.729058265686035156e-01
6.409861445426940918e-01,1.091759109497070312e+02,8.881584405899047852e-01
7.256926894187927246e-01,1.360890197753906250e+02,8.760023117065429688e-01
6.129722595214843750e-01,1.733246917724609375e+02,7.682259678840637207e-01
3.942261338233947754e-01,2.284619140625000000e+02,5.851133465766906738e-01
3.484601378440856934e-01,8.885171508789062500e+01,8.286961317062377930e-01
8.455078601837158203e-01,1.787628479003906250e+02,9.851030111312866211e-01
3.484271168708801270e-01,1.721759490966796875e+02,9.834021925926208496e-01
2.227696180343627930e-01,4.215457916259765625e+01,9.662457108497619629e-01
6.572105288505554199e-01,2.469930572509765625e+02,8.085234165191650391e-01
3.932840824127197266e-01,1.877106323242187500e+02,7.768623828887939453e-01
1.458569169044494629e-01,5.857636642456054688e+01,7.178124189376831055e-01
6.640036702156066895e-01,1.759475402832031250e+02,5.149583220481872559e-01
3.421119451522827148e-01,1.005163879394531250e+02,5.267075896263122559e-01
3.736180961132049561e-01,2.113499908447265625e+02,8.476364612579345703e-01
2.845903635025024414e-01,1.961918640136718750e+02,6.708745360374450684e-01
7.393061518669128418e-01,2.306987304687500000e+02,6.313465833663940430e-01
7.763638496398925781e-01,2.135285949707031250e+02,7.552034854888916016e-01
7.219077944755554199e-01,1.973054504394531250e+02,6.669028401374816895e-01
8.579213619232177734e-01,1.512941589355468750e+02,9.951956272125244141e-01
7.358686923980712891e-01,1.555131988525390625e+02,7.265127897262573242e-01
6.649888157844543457e-01,8.103836059570312500e+01,6.403837800025939941e-01
9.814807176589965820e-01,1.523084411621093750e+02,6.232981085777282715e-01
3.557321429252624512e-01,4.682328796386718750e+01,5.032120943069458008e-01
6.084679961204528809e-01,2.009379577636718750e+02,8.172850608825683594e-01
6.450440883636474609e-01,1.627708435058593750e+02,5.984217524528503418e-01
4.786215126514434814e-01,8.968510437011718750e+01,5.833285450935363770e-01
7.407594919204711914e-01,1.511702575683593750e+02,8.364890813827514648e-01
6.563597917556762695e-01,8.630770111083984375e+01,7.508821487426757812e-01
8.918179273605346680e-01,2.036768646240234375e+02,7.753999233245849609e-01
4.168281555175781250e-01,2.438683166503906250e+02,6.175749301910400391e-01
6.482368111610412598e-01,2.017219085693359375e+02,7.985253334045410156e-01
8.727090358734130859e-01,1.118646163940429688e+02,5.547285676002502441e-01
4.248828887939453125e-01,1.519755401611328125e+02,8.553816676139831543e-01
-1.963973045349121094e-05,9.586125183105468750e+01,7.591133713722229004e-01
1.275489330291748047e-01,1.882559204101562500e+02,5.451790094375610352e-01
4.546509087085723877e-01,1.651906433105468750e+02,7.009592652320861816e-01
6.511545181274414062e-01,9.275433349609375000e+01,9.964338541030883789e-01
5.612146854400634766e-01,1.995359802246093750e+02,7.971605062484741211e-01
4.952034354209899902e-01,9.518297576904296875e+01,8.574123382568359375e-01
4.447744786739349365e-01,1.917939147949218750e+02,5.632467269897460938e-01
8.000985980033874512e-01,4.233055877685546875e+01,8.798485994338989258e-01
5.974276065826416016e-01,2.221703491210937500e+02,5.571490526199340820e-01
2.022071480751037598e-01,1.011752090454101562e+02,7.911093235015869141e-01
9.053075313568115234e-02,2.687536621093750000e+01,9.270292520523071289e-01
6.283532381057739258e-01,1.811413421630859375e+02,8.906332254409790039e-01
5.007719993591308594e-01,1.962604064941406250e+02,7.226582765579223633e-01
5.204889774322509766e-01,1.797650451660156250e+02,8.967084288597106934e-01
4.671719670295715332e-01,6.476898193359375000e+01,8.084989786148071289e-01
1.235442757606506348e-01,1.095355377197265625e+02,8.355098962783813477e-01
8.735424280166625977e-01,1.846901245117187500e+02,9.474550485610961914e-01
7.927676439285278320e-01,1.645803375244140625e+02,6.572005748748779297e-01
7.708413600921630859e-01,1.828625335693359375e+02,7.274115085601806641e-01
2.931493520736694336e-02,5.298374557495117188e+01,5.547870993614196777e-01
2.453007400035858154e-01,1.572433013916015625e+02,5.159004926681518555e-01
3.345339596271514893e-01,2.237126922607421875e+02,5.563342571258544922e-01
